Bacteria,Source,Bfragilis,Ecoli,Paeruginosa,ModelLabel,DataLabel,Seed
Ecoli,Ecoli00201,0.31600210158686304,0.43654174865199624,0.24745614976114075,DIBaS,Clinical,1
Ecoli,Ecoli00202,0.25890959253040635,0.4203148167502314,0.3207755907193622,DIBaS,Clinical,1
Ecoli,Ecoli00203,0.33583870626492746,0.41397416712026647,0.2501871266148061,DIBaS,Clinical,1
Ecoli,Ecoli00204,0.3129011990468539,0.4147476354553893,0.2723511654977569,DIBaS,Clinical,1
Ecoli,Ecoli00205,0.24345278408174786,0.49640697415442314,0.26014024176382905,DIBaS,Clinical,1
Ecoli,Ecoli00206,0.16531163863658238,0.48242747176804834,0.3522608895953693,DIBaS,Clinical,1
Ecoli,Ecoli00207,0.25471585846216865,0.5157488972320426,0.22953524430578875,DIBaS,Clinical,1
Ecoli,Ecoli00208,0.3653321653459561,0.3952746044568219,0.23939323019722203,DIBaS,Clinical,1
Ecoli,Ecoli00209,0.16553112483725965,0.5704514478511423,0.26401742731159805,DIBaS,Clinical,1
Ecoli,Ecoli00301,0.24099957580049738,0.4986163721317872,0.2603840520677155,DIBaS,Clinical,1
Ecoli,Ecoli00302,0.18259783287491013,0.4539390055420798,0.36346316158301006,DIBaS,Clinical,1
Ecoli,Ecoli00303,0.13780613258632168,0.520530636308496,0.34166323110518226,DIBaS,Clinical,1
Ecoli,Ecoli00304,0.16400624370610917,0.6056588599443726,0.23033489634951826,DIBaS,Clinical,1
Ecoli,Ecoli00305,0.15971014460990682,0.5540888036182119,0.28620105177188127,DIBaS,Clinical,1
Ecoli,Ecoli00306,0.14440912781751597,0.5203703158073278,0.3352205563751562,DIBaS,Clinical,1
Ecoli,Ecoli00307,0.12243798498409277,0.6209581375729943,0.25660387744291285,DIBaS,Clinical,1
Ecoli,Ecoli00308,0.15646260314303037,0.4529684797036677,0.3905689171533019,DIBaS,Clinical,1
Ecoli,Ecoli00309,0.19210895783216683,0.40967317025960026,0.3982178719082329,DIBaS,Clinical,1
Ecoli,Ecoli00310,0.17015010845272785,0.5355661292278788,0.29428376231939335,DIBaS,Clinical,1
Ecoli,Ecoli00401,0.1670247670480935,0.5300328853045189,0.30294234764738764,DIBaS,Clinical,1
Ecoli,Ecoli00402,0.16543391698029963,0.46814203362839746,0.36642404939130296,DIBaS,Clinical,1
Ecoli,Ecoli00403,0.1522728593150936,0.49948073193943826,0.34824640874546814,DIBaS,Clinical,1
Ecoli,Ecoli00404,0.1415847989765135,0.5222470016534658,0.3361681993700207,DIBaS,Clinical,1
Ecoli,Ecoli00405,0.14250395980316008,0.47855456847894134,0.3789414717178986,DIBaS,Clinical,1
Ecoli,Ecoli00406,0.142763819061944,0.4633616979231215,0.3938744830149345,DIBaS,Clinical,1
Ecoli,Ecoli00407,0.18745128861497032,0.5100349338133199,0.3025137775717098,DIBaS,Clinical,1
Ecoli,Ecoli00408,0.14630670790971015,0.4912888658589877,0.3624044262313022,DIBaS,Clinical,1
Ecoli,Ecoli00409,0.13813085410860176,0.5092660735964091,0.35260307229498916,DIBaS,Clinical,1
Ecoli,Ecoli00410,0.1395558303112694,0.4771781221639524,0.3832660475247782,DIBaS,Clinical,1
Ecoli,Ecoli00501,0.17816699403080058,0.5353934195405892,0.2864395864286102,DIBaS,Clinical,1
Ecoli,Ecoli00502,0.17920614527523981,0.49697601688830845,0.32381783783645174,DIBaS,Clinical,1
Ecoli,Ecoli00503,0.17036854209084804,0.49928955501807926,0.33034190289107274,DIBaS,Clinical,1
Ecoli,Ecoli00504,0.16393165057960182,0.5010693723342414,0.3349989770861568,DIBaS,Clinical,1
Ecoli,Ecoli00505,0.15109569729995972,0.5336151057342022,0.315289196965838,DIBaS,Clinical,1
Ecoli,Ecoli00506,0.1497009699869654,0.5464521934501312,0.3038468365629034,DIBaS,Clinical,1
Ecoli,Ecoli00507,0.1607178234053166,0.47885753005004555,0.36042464654463785,DIBaS,Clinical,1
Ecoli,Ecoli00508,0.14987911384700037,0.5696804688510958,0.2804404173019039,DIBaS,Clinical,1
Ecoli,Ecoli00509,0.1534355642364638,0.47252741749439553,0.37403701826914065,DIBaS,Clinical,1
Ecoli,Ecoli00510,0.15905006782370307,0.5171445534888668,0.3238053786874301,DIBaS,Clinical,1
Ecoli,Ecoli00601,0.2328452636768737,0.4864470780199618,0.2807076583031645,DIBaS,Clinical,1
Ecoli,Ecoli00602,0.29587201439439975,0.4393012332338425,0.2648267523717577,DIBaS,Clinical,1
Ecoli,Ecoli00603,0.263484482749008,0.4901264444518488,0.2463890727991433,DIBaS,Clinical,1
Ecoli,Ecoli00604,0.2351253419458605,0.5250892374481234,0.2397854206060161,DIBaS,Clinical,1
Ecoli,Ecoli00605,0.24248428877329645,0.4971892513973535,0.2603264598293501,DIBaS,Clinical,1
Ecoli,Ecoli00606,0.26158192439468536,0.5007132381380637,0.23770483746725102,DIBaS,Clinical,1
Ecoli,Ecoli00607,0.24516533217468767,0.5378091586117364,0.21702550921357597,DIBaS,Clinical,1
Ecoli,Ecoli00608,0.303653005470058,0.4441824110198917,0.2521645835100503,DIBaS,Clinical,1
Ecoli,Ecoli00609,0.27856068226174346,0.43491920155482355,0.286520116183433,DIBaS,Clinical,1
Ecoli,Ecoli00610,0.27557072575335106,0.40756653369920565,0.3168627405474433,DIBaS,Clinical,1
Ecoli,Ecoli00701,0.1353502380503467,0.5745993441966109,0.2900504177530424,DIBaS,Clinical,1
Ecoli,Ecoli00702,0.13628576924329466,0.5764848514443889,0.28722937931231646,DIBaS,Clinical,1
Ecoli,Ecoli00703,0.1601497580145697,0.5600693376727809,0.27978090431264935,DIBaS,Clinical,1
Ecoli,Ecoli00704,0.15048725313433786,0.5555742765597425,0.29393847030591963,DIBaS,Clinical,1
Ecoli,Ecoli00705,0.1286993528841583,0.5298789272334472,0.34142171988239445,DIBaS,Clinical,1
Ecoli,Ecoli00706,0.17933880141616215,0.4932216551923293,0.32743954339150855,DIBaS,Clinical,1
Ecoli,Ecoli00707,0.16097087719015377,0.615615602711245,0.2234135200986011,DIBaS,Clinical,1
Ecoli,Ecoli00708,0.1600021408122605,0.5834250468288962,0.25657281235884327,DIBaS,Clinical,1
Ecoli,Ecoli00709,0.1379428032110343,0.5438466192616725,0.31821057752729315,DIBaS,Clinical,1
Ecoli,Ecoli00710,0.14428304994201183,0.5419002986465681,0.3138166514114201,DIBaS,Clinical,1
Ecoli,Ecoli00711,0.13514989514655587,0.5652764224273358,0.2995736824261083,DIBaS,Clinical,1
Ecoli,Ecoli00801,0.2806028933037433,0.3858529523689407,0.3335441543273161,DIBaS,Clinical,1
Ecoli,Ecoli00802,0.2694724152251585,0.3673356984338527,0.36319188634098865,DIBaS,Clinical,1
Ecoli,Ecoli00803,0.2887606688841759,0.4880211969818708,0.22321813413395333,DIBaS,Clinical,1
Ecoli,Ecoli00804,0.18575444109832312,0.5340182809787958,0.28022727792288105,DIBaS,Clinical,1
Ecoli,Ecoli00805,0.21108488267542416,0.47084906627156414,0.3180660510530117,DIBaS,Clinical,1
Ecoli,Ecoli00806,0.3009073943458527,0.5538088000323211,0.14528380562182622,DIBaS,Clinical,1
Ecoli,Ecoli00807,0.23620040965366157,0.4925498849346399,0.27124970541169857,DIBaS,Clinical,1
Ecoli,Ecoli00808,0.19220225129255294,0.4770156780689636,0.33078207063848347,DIBaS,Clinical,1
Ecoli,Ecoli00809,0.2029692977535602,0.5216972876963872,0.2753334145500527,DIBaS,Clinical,1
Ecoli,Ecoli00810,0.14359250302952453,0.474116786733166,0.3822907102373095,DIBaS,Clinical,1
Paeruginosa,Paeruginosa00101,0.2942959526728035,0.39031614214337157,0.3153879051838249,DIBaS,Clinical,1
Paeruginosa,Paeruginosa00102,0.31813025394958844,0.41300870480099383,0.26886104124941773,DIBaS,Clinical,1
Paeruginosa,Paeruginosa00103,0.33519315178005,0.3587313916061962,0.3060754566137538,DIBaS,Clinical,1
Paeruginosa,Paeruginosa00104,0.2702087538800864,0.42825639172810986,0.3015348543918037,DIBaS,Clinical,1
Paeruginosa,Paeruginosa00105,0.3024124821651914,0.3996199614442976,0.2979675563905109,DIBaS,Clinical,1
Paeruginosa,Paeruginosa00201,0.3001758226724178,0.3192912616623531,0.38053291566522907,DIBaS,Clinical,1
Paeruginosa,Paeruginosa00202,0.35859793671491913,0.2726456975287478,0.3687563657563331,DIBaS,Clinical,1
Paeruginosa,Paeruginosa00203,0.28058801442955467,0.31553513245261144,0.4038768531178339,DIBaS,Clinical,1
Paeruginosa,Paeruginosa00204,0.24840177538327082,0.2730659183060299,0.4785323063106993,DIBaS,Clinical,1
Paeruginosa,Paeruginosa00205,0.3267285368160452,0.40326864014063657,0.2700028230433183,DIBaS,Clinical,1
Paeruginosa,Paeruginosa00206,0.3448863202471141,0.4246760635132566,0.2304376162396294,DIBaS,Clinical,1
Paeruginosa,Paeruginosa00207,0.2563834236599865,0.23552284362215037,0.5080937327178631,DIBaS,Clinical,1
Paeruginosa,Paeruginosa00208,0.22446880896194044,0.6064767007631048,0.16905449027495478,DIBaS,Clinical,1
Paeruginosa,Paeruginosa00209,0.2042395194726811,0.6656434060194608,0.1301170745078581,DIBaS,Clinical,1
Paeruginosa,Paeruginosa00210,0.324835931730624,0.2160183207967806,0.4591457474725954,DIBaS,Clinical,1
Paeruginosa,Paeruginosa00211,0.3083596327248357,0.2749630733933342,0.41667729388183017,DIBaS,Clinical,1
Paeruginosa,Paeruginosa00301,0.3209749187486964,0.3699186739399806,0.309106407311323,DIBaS,Clinical,1
Paeruginosa,Paeruginosa00302,0.3310997455573083,0.35467080872514134,0.31422944571755035,DIBaS,Clinical,1
Paeruginosa,Paeruginosa00303,0.2932011503831488,0.3156387391725747,0.39116011044427645,DIBaS,Clinical,1
Paeruginosa,Paeruginosa00304,0.25371183509956863,0.4872864888663202,0.2590016760341112,DIBaS,Clinical,1
Paeruginosa,Paeruginosa00305,0.30561085342857486,0.39694249744951643,0.2974466491219087,DIBaS,Clinical,1
Paeruginosa,Paeruginosa00306,0.318584581006714,0.3962798470873036,0.2851355719059824,DIBaS,Clinical,1
Paeruginosa,Paeruginosa00307,0.3014194322279615,0.26712691025201113,0.43145365752002734,DIBaS,Clinical,1
Paeruginosa,Paeruginosa00308,0.26456483053201396,0.4480093557222888,0.28742581374569726,DIBaS,Clinical,1
Paeruginosa,Paeruginosa00309,0.3221107989479153,0.37922525552914343,0.2986639455229413,DIBaS,Clinical,1
Paeruginosa,Paeruginosa00310,0.3326599882038209,0.37356240908983773,0.29377760270634123,DIBaS,Clinical,1
Ecoli,Ecoli00201,0.3678363774113773,0.351592991820085,0.2805706307685376,DIBaS,Clinical,2
Ecoli,Ecoli00202,0.2937300648041265,0.3102698829153618,0.39600005228051166,DIBaS,Clinical,2
Ecoli,Ecoli00203,0.3364723727181079,0.3354480999284734,0.32807952735341867,DIBaS,Clinical,2
Ecoli,Ecoli00204,0.3464571157645659,0.26858409543266404,0.38495878880277007,DIBaS,Clinical,2
Ecoli,Ecoli00205,0.2617016250587062,0.3788302237668557,0.35946815117443803,DIBaS,Clinical,2
Ecoli,Ecoli00206,0.16392868746107092,0.4356050266744979,0.40046628586443117,DIBaS,Clinical,2
Ecoli,Ecoli00207,0.25399385019811216,0.4520827253075808,0.29392342449430703,DIBaS,Clinical,2
Ecoli,Ecoli00208,0.40881857022236057,0.3103520298976036,0.28082939988003586,DIBaS,Clinical,2
Ecoli,Ecoli00209,0.14913741792288138,0.5654726081366143,0.2853899739405043,DIBaS,Clinical,2
Ecoli,Ecoli00301,0.28348922273268395,0.36636386269897975,0.35014691456833635,DIBaS,Clinical,2
Ecoli,Ecoli00302,0.14883683727874386,0.43347145454988717,0.41769170817136897,DIBaS,Clinical,2
Ecoli,Ecoli00303,0.10572282497819022,0.4809294537021097,0.41334772131970005,DIBaS,Clinical,2
Ecoli,Ecoli00304,0.225808498696104,0.4698026123555784,0.30438888894831756,DIBaS,Clinical,2
Ecoli,Ecoli00305,0.1756618123617203,0.4587614328593695,0.3655767547789102,DIBaS,Clinical,2
Ecoli,Ecoli00306,0.12478845494076055,0.41817218972741055,0.45703935533182893,DIBaS,Clinical,2
Ecoli,Ecoli00307,0.1459688107890966,0.5078211585451855,0.3462100306657179,DIBaS,Clinical,2
Ecoli,Ecoli00308,0.19421138680999606,0.3756614601612986,0.4301271530287054,DIBaS,Clinical,2
Ecoli,Ecoli00309,0.25308661478496425,0.29237284695993104,0.4545405382551047,DIBaS,Clinical,2
Ecoli,Ecoli00310,0.16113487988113406,0.44954387520531397,0.38932124491355197,DIBaS,Clinical,2
Ecoli,Ecoli00401,0.15766076073131172,0.4454056072254473,0.396933632043241,DIBaS,Clinical,2
Ecoli,Ecoli00402,0.1402009980822406,0.38447004382027306,0.4753289580974864,DIBaS,Clinical,2
Ecoli,Ecoli00403,0.13145494559231222,0.40291748548240064,0.4656275689252871,DIBaS,Clinical,2
Ecoli,Ecoli00404,0.13124957713363916,0.4308416440090826,0.4379087788572782,DIBaS,Clinical,2
Ecoli,Ecoli00405,0.11604331164270956,0.37836520894743986,0.5055914794098506,DIBaS,Clinical,2
Ecoli,Ecoli00406,0.11968509301081778,0.37671846396592745,0.5035964430232548,DIBaS,Clinical,2
Ecoli,Ecoli00407,0.20465656308896038,0.4326500589489901,0.36269337796204953,DIBaS,Clinical,2
Ecoli,Ecoli00408,0.12320925192136428,0.39024064855758617,0.48655009952104955,DIBaS,Clinical,2
Ecoli,Ecoli00409,0.11689747980186678,0.4122497196928995,0.47085280050523376,DIBaS,Clinical,2
Ecoli,Ecoli00410,0.12113766411680521,0.38624447115303473,0.49261786473016006,DIBaS,Clinical,2
Ecoli,Ecoli00501,0.18538999437046888,0.4318946741378085,0.38271533149172265,DIBaS,Clinical,2
Ecoli,Ecoli00502,0.17625513416915303,0.4007257991048956,0.42301906672595135,DIBaS,Clinical,2
Ecoli,Ecoli00503,0.14752931123421115,0.36362567699046966,0.48884501177531925,DIBaS,Clinical,2
Ecoli,Ecoli00504,0.1612177801639044,0.40226715397691126,0.43651506585918437,DIBaS,Clinical,2
Ecoli,Ecoli00505,0.1418727201406636,0.42115625423174363,0.43697102562759277,DIBaS,Clinical,2
Ecoli,Ecoli00506,0.13460921941254156,0.4674988380741469,0.39789194251331156,DIBaS,Clinical,2
Ecoli,Ecoli00507,0.1567490363620823,0.38326374477401115,0.45998721886390653,DIBaS,Clinical,2
Ecoli,Ecoli00508,0.1380411765001205,0.48066656996359813,0.3812922535362814,DIBaS,Clinical,2
Ecoli,Ecoli00509,0.1285995746369072,0.3780367050969418,0.493363720266151,DIBaS,Clinical,2
Ecoli,Ecoli00510,0.13729547136534187,0.42145400356385815,0.4412505250708,DIBaS,Clinical,2
Ecoli,Ecoli00601,0.28328668114845557,0.39688001032239584,0.31983330852914854,DIBaS,Clinical,2
Ecoli,Ecoli00602,0.26992383560279687,0.4055839508015327,0.32449221359567043,DIBaS,Clinical,2
Ecoli,Ecoli00603,0.28571142138252137,0.40307941336767344,0.31120916524980524,DIBaS,Clinical,2
Ecoli,Ecoli00604,0.2869332712251579,0.41422225318199896,0.29884447559284316,DIBaS,Clinical,2
Ecoli,Ecoli00605,0.23698737021635485,0.41508206713085594,0.3479305626527892,DIBaS,Clinical,2
Ecoli,Ecoli00606,0.30702487290501784,0.4025505616168635,0.2904245654781187,DIBaS,Clinical,2
Ecoli,Ecoli00607,0.32415211368027036,0.4250645432272715,0.25078334309245814,DIBaS,Clinical,2
Ecoli,Ecoli00608,0.33688445820233576,0.3361008294144929,0.32701471238317137,DIBaS,Clinical,2
Ecoli,Ecoli00609,0.3168775821743297,0.3464223976514128,0.3367000201742575,DIBaS,Clinical,2
Ecoli,Ecoli00610,0.3022632606691048,0.31566065178556363,0.38207608754533157,DIBaS,Clinical,2
Ecoli,Ecoli00701,0.1413213460062926,0.4560581300248743,0.40262052396883313,DIBaS,Clinical,2
Ecoli,Ecoli00702,0.12360067426467472,0.46641192854652497,0.40998739718880034,DIBaS,Clinical,2
Ecoli,Ecoli00703,0.17590647739420986,0.45242224915565227,0.3716712734501379,DIBaS,Clinical,2
Ecoli,Ecoli00704,0.14780526379882267,0.4418321888411431,0.41036254736003425,DIBaS,Clinical,2
Ecoli,Ecoli00705,0.12118878100396982,0.4104547094495032,0.46835650954652697,DIBaS,Clinical,2
Ecoli,Ecoli00706,0.18144122197196427,0.4511155750269026,0.36744320300113315,DIBaS,Clinical,2
Ecoli,Ecoli00707,0.16987805347947313,0.512944217364431,0.3171777291560959,DIBaS,Clinical,2
Ecoli,Ecoli00708,0.156779165324413,0.5211489070314237,0.3220719276441633,DIBaS,Clinical,2
Ecoli,Ecoli00709,0.10988550211857952,0.43512412062884226,0.45499037725257824,DIBaS,Clinical,2
Ecoli,Ecoli00710,0.11667288021455227,0.44559341970947103,0.43773370007597673,DIBaS,Clinical,2
Ecoli,Ecoli00711,0.12528377369381707,0.46137741689767386,0.41333880940850903,DIBaS,Clinical,2
Ecoli,Ecoli00801,0.32447554644574345,0.32882798591074247,0.3466964676435141,DIBaS,Clinical,2
Ecoli,Ecoli00802,0.2354780209422023,0.26682401105205267,0.4976979680057451,DIBaS,Clinical,2
Ecoli,Ecoli00803,0.282905157006806,0.44093681985064437,0.27615802314254956,DIBaS,Clinical,2
Ecoli,Ecoli00804,0.1987173998897438,0.44740778496529976,0.35387481514495644,DIBaS,Clinical,2
Ecoli,Ecoli00805,0.2600684553251869,0.33319789393349963,0.4067336507413135,DIBaS,Clinical,2
Ecoli,Ecoli00806,0.39011794841114,0.4593750513844285,0.15050700020443153,DIBaS,Clinical,2
Ecoli,Ecoli00807,0.22536720036031474,0.48563063680402374,0.2890021628356615,DIBaS,Clinical,2
Ecoli,Ecoli00808,0.17843118132849559,0.43878547065158463,0.3827833480199198,DIBaS,Clinical,2
Ecoli,Ecoli00809,0.23032874742281123,0.4106811919857203,0.3589900605914686,DIBaS,Clinical,2
Ecoli,Ecoli00810,0.1373800593258452,0.44771732442035556,0.41490261625379926,DIBaS,Clinical,2
Paeruginosa,Paeruginosa00101,0.3418131824014684,0.3208777814691769,0.33730903612935476,DIBaS,Clinical,2
Paeruginosa,Paeruginosa00102,0.3503046932778163,0.34572741009279745,0.3039678966293863,DIBaS,Clinical,2
Paeruginosa,Paeruginosa00103,0.35661192252572144,0.3028666762208421,0.34052140125343644,DIBaS,Clinical,2
Paeruginosa,Paeruginosa00104,0.2675992602428216,0.35925244155188224,0.37314829820529616,DIBaS,Clinical,2
Paeruginosa,Paeruginosa00105,0.32000158807689266,0.32199550389019604,0.35800290803291124,DIBaS,Clinical,2
Paeruginosa,Paeruginosa00201,0.3233843028012154,0.256305325987236,0.42031037121154863,DIBaS,Clinical,2
Paeruginosa,Paeruginosa00202,0.4119154620389173,0.16412724723078853,0.4239572907302941,DIBaS,Clinical,2
Paeruginosa,Paeruginosa00203,0.3322608240724228,0.2234060230439856,0.4443331528835916,DIBaS,Clinical,2
Paeruginosa,Paeruginosa00204,0.3593513749673374,0.1845926464561788,0.4560559785764838,DIBaS,Clinical,2
Paeruginosa,Paeruginosa00205,0.36692987620231443,0.32779283870576986,0.30527728509191565,DIBaS,Clinical,2
Paeruginosa,Paeruginosa00206,0.3487591479998342,0.36032257445034027,0.29091827754982547,DIBaS,Clinical,2
Paeruginosa,Paeruginosa00207,0.3645111065124158,0.15952549007033182,0.4759634034172524,DIBaS,Clinical,2
Paeruginosa,Paeruginosa00208,0.1947684997050167,0.5440593963340936,0.2611721039608897,DIBaS,Clinical,2
Paeruginosa,Paeruginosa00209,0.33766211943322005,0.5655218483372939,0.09681603222948607,DIBaS,Clinical,2
Paeruginosa,Paeruginosa00210,0.4426441719465706,0.13800269683662628,0.4193531312168031,DIBaS,Clinical,2
Paeruginosa,Paeruginosa00211,0.3341202999527739,0.31057031583395633,0.3553093842132697,DIBaS,Clinical,2
Paeruginosa,Paeruginosa00301,0.34607796106957783,0.29734370999235393,0.3565783289380683,DIBaS,Clinical,2
Paeruginosa,Paeruginosa00302,0.3604065298996347,0.29498659139713806,0.34460687870322726,DIBaS,Clinical,2
Paeruginosa,Paeruginosa00303,0.35645688550167043,0.20018426013779667,0.4433588543605329,DIBaS,Clinical,2
Paeruginosa,Paeruginosa00304,0.30173020709699894,0.4127126354461913,0.28555715745680976,DIBaS,Clinical,2
Paeruginosa,Paeruginosa00305,0.37798361262740765,0.2515583901429153,0.3704579972296771,DIBaS,Clinical,2
Paeruginosa,Paeruginosa00306,0.31949963569261713,0.3226130810348737,0.3578872832725092,DIBaS,Clinical,2
Paeruginosa,Paeruginosa00307,0.39007171858419115,0.1570154002111186,0.45291288120469025,DIBaS,Clinical,2
Paeruginosa,Paeruginosa00308,0.3034133576911293,0.35830836646664405,0.33827827584222664,DIBaS,Clinical,2
Paeruginosa,Paeruginosa00309,0.3419670779217215,0.33599132205246307,0.3220416000258155,DIBaS,Clinical,2
Paeruginosa,Paeruginosa00310,0.29791446650632053,0.32177739314603987,0.38030814034763966,DIBaS,Clinical,2
Ecoli,Ecoli00201,0.2901631893915405,0.40391464089291096,0.30592216971554853,DIBaS,Clinical,3
Ecoli,Ecoli00202,0.29448455846767396,0.38846682079851635,0.3170486207338097,DIBaS,Clinical,3
Ecoli,Ecoli00203,0.2718458801344506,0.40989674330478415,0.31825737656076525,DIBaS,Clinical,3
Ecoli,Ecoli00204,0.3153289323874652,0.3185861549759867,0.36608491263654813,DIBaS,Clinical,3
Ecoli,Ecoli00205,0.266368428291801,0.45273239811728583,0.28089917359091315,DIBaS,Clinical,3
Ecoli,Ecoli00206,0.12828204426587123,0.49527367819893287,0.3764442775351958,DIBaS,Clinical,3
Ecoli,Ecoli00207,0.2892901875827446,0.46422544228456486,0.24648437013269053,DIBaS,Clinical,3
Ecoli,Ecoli00208,0.3044296332232622,0.29974984594557835,0.3958205208311595,DIBaS,Clinical,3
Ecoli,Ecoli00209,0.16087033536589543,0.5386820740461091,0.3004475905879954,DIBaS,Clinical,3
Ecoli,Ecoli00301,0.21759047477465668,0.45618914534967836,0.326220379875665,DIBaS,Clinical,3
Ecoli,Ecoli00302,0.10276930807238448,0.4778174560239707,0.4194132359036449,DIBaS,Clinical,3
Ecoli,Ecoli00303,0.033037840498508594,0.5271376722470261,0.4398244872544653,DIBaS,Clinical,3
Ecoli,Ecoli00304,0.1179294391643376,0.5729159166106478,0.30915464422501465,DIBaS,Clinical,3
Ecoli,Ecoli00305,0.10570134928436345,0.5292821678509255,0.36501648286471106,DIBaS,Clinical,3
Ecoli,Ecoli00306,0.08516710881387403,0.46177596912931024,0.4530569220568157,DIBaS,Clinical,3
Ecoli,Ecoli00307,0.08019795952430644,0.5845516900373974,0.33525035043829615,DIBaS,Clinical,3
Ecoli,Ecoli00308,0.15036281495465664,0.38359538912854163,0.4660417959168017,DIBaS,Clinical,3
Ecoli,Ecoli00309,0.19354230707786454,0.3571310168664428,0.44932667605569265,DIBaS,Clinical,3
Ecoli,Ecoli00310,0.1055564729657096,0.502381305218866,0.39206222181542433,DIBaS,Clinical,3
Ecoli,Ecoli00401,0.1084978894305979,0.4965960379119561,0.394906072657446,DIBaS,Clinical,3
Ecoli,Ecoli00402,0.10757590594857476,0.41156648809776264,0.4808576059536626,DIBaS,Clinical,3
Ecoli,Ecoli00403,0.08417272872476345,0.4342650436278187,0.48156222764741785,DIBaS,Clinical,3
Ecoli,Ecoli00404,0.07622704718289446,0.46728929441039047,0.4564836584067151,DIBaS,Clinical,3
Ecoli,Ecoli00405,0.07182116724090865,0.43376941168927585,0.4944094210698155,DIBaS,Clinical,3
Ecoli,Ecoli00406,0.07588758765479879,0.42426245535985796,0.4998499569853433,DIBaS,Clinical,3
Ecoli,Ecoli00407,0.14751119494022882,0.4852481407543915,0.36724066430537966,DIBaS,Clinical,3
Ecoli,Ecoli00408,0.07943254934854485,0.44981641573623915,0.470751034915216,DIBaS,Clinical,3
Ecoli,Ecoli00409,0.07082187162536364,0.4786492569694257,0.45052887140521064,DIBaS,Clinical,3
Ecoli,Ecoli00410,0.0802969832352907,0.4350304082120997,0.4846726085526096,DIBaS,Clinical,3
Ecoli,Ecoli00501,0.13210595928983773,0.4887937145737287,0.3791003261364335,DIBaS,Clinical,3
Ecoli,Ecoli00502,0.11950712855294184,0.4807414774286604,0.39975139401839777,DIBaS,Clinical,3
Ecoli,Ecoli00503,0.08072775766810955,0.49750604782616914,0.4217661945057213,DIBaS,Clinical,3
Ecoli,Ecoli00504,0.09734565782099158,0.49046743167734613,0.4121869105016623,DIBaS,Clinical,3
Ecoli,Ecoli00505,0.07539741061999876,0.5202656378920043,0.404336951487997,DIBaS,Clinical,3
Ecoli,Ecoli00506,0.07744522482705053,0.542979823713863,0.3795749514590865,DIBaS,Clinical,3
Ecoli,Ecoli00507,0.09727272090071956,0.46358786733466084,0.43913941176461957,DIBaS,Clinical,3
Ecoli,Ecoli00508,0.07757464336765132,0.5477560355724558,0.37466932105989287,DIBaS,Clinical,3
Ecoli,Ecoli00509,0.10069113429586292,0.4496909008319584,0.4496179648721787,DIBaS,Clinical,3
Ecoli,Ecoli00510,0.07585489806257875,0.4989185521423312,0.42522654979509,DIBaS,Clinical,3
Ecoli,Ecoli00601,0.2158057973578078,0.49698190529036346,0.28721229735182874,DIBaS,Clinical,3
Ecoli,Ecoli00602,0.2503032013485687,0.45970571986634085,0.28999107878509045,DIBaS,Clinical,3
Ecoli,Ecoli00603,0.21694437175596418,0.4622167727520318,0.32083885549200397,DIBaS,Clinical,3
Ecoli,Ecoli00604,0.216632399144316,0.5000851744304391,0.2832824264252449,DIBaS,Clinical,3
Ecoli,Ecoli00605,0.20565120390488004,0.4615905749983983,0.33275822109672165,DIBaS,Clinical,3
Ecoli,Ecoli00606,0.2624705400344348,0.45458754894055553,0.2829419110250097,DIBaS,Clinical,3
Ecoli,Ecoli00607,0.2527444848617346,0.4803908875287841,0.26686462760948126,DIBaS,Clinical,3
Ecoli,Ecoli00608,0.3040822979102763,0.40240156987387293,0.2935161322158507,DIBaS,Clinical,3
Ecoli,Ecoli00609,0.29170471923312136,0.40547622729344013,0.3028190534734385,DIBaS,Clinical,3
Ecoli,Ecoli00610,0.3283159538111582,0.29787333808537647,0.37381070810346534,DIBaS,Clinical,3
Ecoli,Ecoli00701,0.08395145730843372,0.4989271049383648,0.4171214377532015,DIBaS,Clinical,3
Ecoli,Ecoli00702,0.06577830341471162,0.5502338878326125,0.3839878087526759,DIBaS,Clinical,3
Ecoli,Ecoli00703,0.1293452339990735,0.4963563940539349,0.3742983719469916,DIBaS,Clinical,3
Ecoli,Ecoli00704,0.08574761412728511,0.5351727587290808,0.37907962714363413,DIBaS,Clinical,3
Ecoli,Ecoli00705,0.06726060113623264,0.48982260786634746,0.44291679099741993,DIBaS,Clinical,3
Ecoli,Ecoli00706,0.13104839487870207,0.46273623755957877,0.40621536756171917,DIBaS,Clinical,3
Ecoli,Ecoli00707,0.11805965450048848,0.5832895043812444,0.2986508411182671,DIBaS,Clinical,3
Ecoli,Ecoli00708,0.11008574675625012,0.5566984484994618,0.333215804744288,DIBaS,Clinical,3
Ecoli,Ecoli00709,0.0511924748048501,0.5248758557045579,0.42393166949059197,DIBaS,Clinical,3
Ecoli,Ecoli00710,0.06561522162093865,0.5402731218733782,0.3941116565056832,DIBaS,Clinical,3
Ecoli,Ecoli00711,0.07724530279642171,0.5170185380127831,0.40573615919079525,DIBaS,Clinical,3
Ecoli,Ecoli00801,0.2636354965035007,0.3800427247548444,0.3563217787416549,DIBaS,Clinical,3
Ecoli,Ecoli00802,0.24300468754264112,0.31253375252463594,0.44446155993272296,DIBaS,Clinical,3
Ecoli,Ecoli00803,0.2701596369507274,0.41813879142205646,0.3117015716272161,DIBaS,Clinical,3
Ecoli,Ecoli00804,0.12620376567717356,0.5199408820509914,0.353855352271835,DIBaS,Clinical,3
Ecoli,Ecoli00805,0.15123698805182145,0.47056318758414717,0.3781998243640314,DIBaS,Clinical,3
Ecoli,Ecoli00806,0.3446354703202232,0.47012372811213543,0.18524080156764136,DIBaS,Clinical,3
Ecoli,Ecoli00807,0.15609516146722005,0.5464094461132813,0.2974953924194985,DIBaS,Clinical,3
Ecoli,Ecoli00808,0.16245012319795868,0.43744898886134526,0.4001008879406961,DIBaS,Clinical,3
Ecoli,Ecoli00809,0.049126480654008584,0.5456515727807205,0.40522194656527094,DIBaS,Clinical,3
Ecoli,Ecoli00810,0.0830101235959365,0.4870948860365193,0.4298949903675442,DIBaS,Clinical,3
Paeruginosa,Paeruginosa00101,0.29194070024733254,0.3613868720944689,0.34667242765819856,DIBaS,Clinical,3
Paeruginosa,Paeruginosa00102,0.3243974621464972,0.364668111476199,0.3109344263773039,DIBaS,Clinical,3
Paeruginosa,Paeruginosa00103,0.3118557516743419,0.36656629030622756,0.3215779580194305,DIBaS,Clinical,3
Paeruginosa,Paeruginosa00104,0.27255066852596793,0.3263971148819088,0.40105221659212326,DIBaS,Clinical,3
Paeruginosa,Paeruginosa00105,0.300195451220434,0.3630065242205484,0.33679802455901753,DIBaS,Clinical,3
Paeruginosa,Paeruginosa00201,0.3010769014322129,0.2466435942157944,0.4522795043519927,DIBaS,Clinical,3
Paeruginosa,Paeruginosa00202,0.3868536977793756,0.15844927350267793,0.4546970287179465,DIBaS,Clinical,3
Paeruginosa,Paeruginosa00203,0.3372576897445581,0.2339493633575358,0.4287929468979061,DIBaS,Clinical,3
Paeruginosa,Paeruginosa00204,0.3529202745047133,0.22721046266288522,0.41986926283240145,DIBaS,Clinical,3
Paeruginosa,Paeruginosa00205,0.3125623260143116,0.36365635789812806,0.3237813160875604,DIBaS,Clinical,3
Paeruginosa,Paeruginosa00206,0.3651264129325732,0.37707851108254337,0.25779507598488344,DIBaS,Clinical,3
Paeruginosa,Paeruginosa00207,0.3695274199181036,0.17633789793715365,0.45413468214474273,DIBaS,Clinical,3
Paeruginosa,Paeruginosa00208,0.20133636348582543,0.5360559566352248,0.2626076798789498,DIBaS,Clinical,3
Paeruginosa,Paeruginosa00209,0.3718793273543797,0.3518923883942242,0.2762282842513961,DIBaS,Clinical,3
Paeruginosa,Paeruginosa00210,0.3878251363283896,0.209799709213252,0.40237515445835836,DIBaS,Clinical,3
Paeruginosa,Paeruginosa00211,0.3654977477345127,0.3048320449330561,0.3296702073324312,DIBaS,Clinical,3
Paeruginosa,Paeruginosa00301,0.31413969506608364,0.327196813624753,0.35866349130916336,DIBaS,Clinical,3
Paeruginosa,Paeruginosa00302,0.3714224787782978,0.292394502511788,0.3361830187099142,DIBaS,Clinical,3
Paeruginosa,Paeruginosa00303,0.3668848323552777,0.26067209626987803,0.3724430713748443,DIBaS,Clinical,3
Paeruginosa,Paeruginosa00304,0.2629465212815736,0.4663385615275218,0.2707149171909046,DIBaS,Clinical,3
Paeruginosa,Paeruginosa00305,0.31943511704900346,0.3475396063876168,0.3330252765633797,DIBaS,Clinical,3
Paeruginosa,Paeruginosa00306,0.36707666268619604,0.29634768976494197,0.336575647548862,DIBaS,Clinical,3
Paeruginosa,Paeruginosa00307,0.36401129112960023,0.19840217536612378,0.43758653350427595,DIBaS,Clinical,3
Paeruginosa,Paeruginosa00308,0.24591505920083864,0.43895074491171665,0.31513419588744473,DIBaS,Clinical,3
Paeruginosa,Paeruginosa00309,0.33217635448214117,0.33708029561849334,0.3307433498993655,DIBaS,Clinical,3
Paeruginosa,Paeruginosa00310,0.3591594622930206,0.3436481391455432,0.2971923985614362,DIBaS,Clinical,3
Ecoli,Ecoli00201,0.2800898627610936,0.43747005294684826,0.2824400842920582,DIBaS,Clinical,4
Ecoli,Ecoli00202,0.32350114344896874,0.3813532572196931,0.2951455993313381,DIBaS,Clinical,4
Ecoli,Ecoli00203,0.34939413224296595,0.38832533865216456,0.26228052910486943,DIBaS,Clinical,4
Ecoli,Ecoli00204,0.2960830018466672,0.2817883919743157,0.42212860617901715,DIBaS,Clinical,4
Ecoli,Ecoli00205,0.23468969175063992,0.49236590703148425,0.27294440121787583,DIBaS,Clinical,4
Ecoli,Ecoli00206,0.15977341628486003,0.4526937416370285,0.38753284207811145,DIBaS,Clinical,4
Ecoli,Ecoli00207,0.2583851233457103,0.4467643817772212,0.2948504948770685,DIBaS,Clinical,4
Ecoli,Ecoli00208,0.30403158544509684,0.35887011045431116,0.337098304100592,DIBaS,Clinical,4
Ecoli,Ecoli00209,0.21746054591014452,0.3708383365590692,0.41170111753078625,DIBaS,Clinical,4
Ecoli,Ecoli00301,0.19568018604003085,0.48798580626788784,0.3163340076920813,DIBaS,Clinical,4
Ecoli,Ecoli00302,0.1893498473840042,0.4004594799675442,0.41019067264845155,DIBaS,Clinical,4
Ecoli,Ecoli00303,0.09881592936145808,0.46100299438277004,0.44018107625577185,DIBaS,Clinical,4
Ecoli,Ecoli00304,0.20588501592566383,0.45696762654084094,0.33714735753349523,DIBaS,Clinical,4
Ecoli,Ecoli00305,0.1459158635584678,0.4530412405766243,0.40104289586490793,DIBaS,Clinical,4
Ecoli,Ecoli00306,0.1417640985341975,0.42256967205721735,0.4356662294085852,DIBaS,Clinical,4
Ecoli,Ecoli00307,0.15592675227812727,0.5195097646418261,0.3245634830800467,DIBaS,Clinical,4
Ecoli,Ecoli00308,0.17394775032298976,0.32474185012099005,0.5013103995560202,DIBaS,Clinical,4
Ecoli,Ecoli00309,0.19700339778878415,0.404198189827867,0.3987984123833489,DIBaS,Clinical,4
Ecoli,Ecoli00310,0.1708016018194362,0.44917030763722615,0.38002809054333764,DIBaS,Clinical,4
Ecoli,Ecoli00401,0.15887560521674235,0.4191528062165532,0.4219715885667044,DIBaS,Clinical,4
Ecoli,Ecoli00402,0.16188385671298927,0.38355153345677556,0.45456460983023517,DIBaS,Clinical,4
Ecoli,Ecoli00403,0.14699972807090875,0.38255009933855477,0.47045017259053645,DIBaS,Clinical,4
Ecoli,Ecoli00404,0.12264626026018988,0.4046582757209462,0.4726954640188639,DIBaS,Clinical,4
Ecoli,Ecoli00405,0.12771961423379163,0.4004623528579238,0.47181803290828456,DIBaS,Clinical,4
Ecoli,Ecoli00406,0.1344993195026647,0.38130239351031714,0.48419828698701817,DIBaS,Clinical,4
Ecoli,Ecoli00407,0.20641570777753976,0.44078228347152665,0.3528020087509336,DIBaS,Clinical,4
Ecoli,Ecoli00408,0.12720273875980603,0.3881203949688771,0.48467686627131684,DIBaS,Clinical,4
Ecoli,Ecoli00409,0.11235341401846159,0.39210738600934164,0.4955391999721968,DIBaS,Clinical,4
Ecoli,Ecoli00410,0.1381248873645008,0.3950251043926259,0.4668500082428733,DIBaS,Clinical,4
Ecoli,Ecoli00501,0.19121883692213448,0.4594734606720947,0.34930770240577075,DIBaS,Clinical,4
Ecoli,Ecoli00502,0.17993307315056348,0.4199593178040008,0.40010760904543574,DIBaS,Clinical,4
Ecoli,Ecoli00503,0.14275151323402965,0.44431382898542715,0.4129346577805433,DIBaS,Clinical,4
Ecoli,Ecoli00504,0.14705568838935534,0.42144220319098213,0.4315021084196625,DIBaS,Clinical,4
Ecoli,Ecoli00505,0.14448051412880036,0.43932581782849955,0.4161936680427001,DIBaS,Clinical,4
Ecoli,Ecoli00506,0.14973391112456239,0.4665141260066848,0.38375196286875285,DIBaS,Clinical,4
Ecoli,Ecoli00507,0.14795018814944041,0.3724775909411035,0.47957222090945606,DIBaS,Clinical,4
Ecoli,Ecoli00508,0.15551055220405427,0.48493433589050783,0.35955511190543793,DIBaS,Clinical,4
Ecoli,Ecoli00509,0.1398543410547384,0.3778060879008559,0.4823395710444057,DIBaS,Clinical,4
Ecoli,Ecoli00510,0.14952558761776355,0.4289851269329534,0.42148928544928305,DIBaS,Clinical,4
Ecoli,Ecoli00601,0.2648726938259351,0.4376118543626332,0.29751545181143163,DIBaS,Clinical,4
Ecoli,Ecoli00602,0.3336773263395769,0.41817036605725977,0.2481523076031633,DIBaS,Clinical,4
Ecoli,Ecoli00603,0.2572010678953609,0.4769316639178513,0.2658672681867878,DIBaS,Clinical,4
Ecoli,Ecoli00604,0.2897320907619643,0.4398590541474894,0.2704088550905463,DIBaS,Clinical,4
Ecoli,Ecoli00605,0.2517156712842023,0.4627528864022487,0.28553144231354893,DIBaS,Clinical,4
Ecoli,Ecoli00606,0.3096799035521312,0.4127838902366607,0.2775362062112081,DIBaS,Clinical,4
Ecoli,Ecoli00607,0.3401975812073104,0.4282525463656717,0.2315498724270178,DIBaS,Clinical,4
Ecoli,Ecoli00608,0.3432080050038746,0.3648441465513332,0.29194784844479227,DIBaS,Clinical,4
Ecoli,Ecoli00609,0.3171174425123209,0.32813411223272543,0.3547484452549537,DIBaS,Clinical,4
Ecoli,Ecoli00610,0.3389408266103223,0.3127672356024953,0.3482919377871823,DIBaS,Clinical,4
Ecoli,Ecoli00701,0.14954271023725227,0.46300309489941144,0.38745419486333627,DIBaS,Clinical,4
Ecoli,Ecoli00702,0.0891573724004949,0.47448570263126116,0.4363569249682439,DIBaS,Clinical,4
Ecoli,Ecoli00703,0.15984429107797984,0.4617719850934326,0.3783837238285876,DIBaS,Clinical,4
Ecoli,Ecoli00704,0.1305123219573368,0.45378808230138,0.4156995957412832,DIBaS,Clinical,4
Ecoli,Ecoli00705,0.11219430805485729,0.39328218953368194,0.49452350241146076,DIBaS,Clinical,4
Ecoli,Ecoli00706,0.21007577030002525,0.4662860272018291,0.3236382024981457,DIBaS,Clinical,4
Ecoli,Ecoli00707,0.13293261316492083,0.500458644316369,0.36660874251871023,DIBaS,Clinical,4
Ecoli,Ecoli00708,0.13286192667235314,0.49252065429763825,0.3746174190300086,DIBaS,Clinical,4
Ecoli,Ecoli00709,0.08908804511496428,0.44722957084501713,0.4636823840400186,DIBaS,Clinical,4
Ecoli,Ecoli00710,0.09027745335678884,0.4467772660134202,0.46294528062979096,DIBaS,Clinical,4
Ecoli,Ecoli00711,0.11332652749439955,0.4376282476689081,0.4490452248366923,DIBaS,Clinical,4
Ecoli,Ecoli00801,0.25513989705253187,0.336835275427213,0.40802482752025515,DIBaS,Clinical,4
Ecoli,Ecoli00802,0.3119416182083166,0.24666378998459923,0.4413945918070841,DIBaS,Clinical,4
Ecoli,Ecoli00803,0.32771510452350344,0.453943144755744,0.2183417507207526,DIBaS,Clinical,4
Ecoli,Ecoli00804,0.18548061712948635,0.4450660584184923,0.3694533244520214,DIBaS,Clinical,4
Ecoli,Ecoli00805,0.1607443514363843,0.35330296755195245,0.4859526810116633,DIBaS,Clinical,4
Ecoli,Ecoli00806,0.3751899460020839,0.5344112016725523,0.09039885232536382,DIBaS,Clinical,4
Ecoli,Ecoli00807,0.2649808780678975,0.4579109771413634,0.27710814479073903,DIBaS,Clinical,4
Ecoli,Ecoli00808,0.16104839626290893,0.40801419880945117,0.43093740492763993,DIBaS,Clinical,4
Ecoli,Ecoli00809,0.12702817972195385,0.3710703098440226,0.5019015104340236,DIBaS,Clinical,4
Ecoli,Ecoli00810,0.1494941403476695,0.4566530569345983,0.3938528027177322,DIBaS,Clinical,4
Paeruginosa,Paeruginosa00101,0.3156880740751692,0.36728955884454034,0.31702236708029047,DIBaS,Clinical,4
Paeruginosa,Paeruginosa00102,0.3118204511900453,0.34721648439036745,0.34096306441958724,DIBaS,Clinical,4
Paeruginosa,Paeruginosa00103,0.3939760162043888,0.2660707355800082,0.339953248215603,DIBaS,Clinical,4
Paeruginosa,Paeruginosa00104,0.37843646889990346,0.316078084819291,0.30548544628080554,DIBaS,Clinical,4
Paeruginosa,Paeruginosa00105,0.30705321803130486,0.3754612624507961,0.3174855195178991,DIBaS,Clinical,4
Paeruginosa,Paeruginosa00201,0.2890400540370157,0.26362410653206797,0.44733583943091637,DIBaS,Clinical,4
Paeruginosa,Paeruginosa00202,0.3497312321894151,0.2033866659678737,0.44688210184271115,DIBaS,Clinical,4
Paeruginosa,Paeruginosa00203,0.3086257301550087,0.25446649560867546,0.43690777423631577,DIBaS,Clinical,4
Paeruginosa,Paeruginosa00204,0.27347640655187033,0.19685577995927592,0.5296678134888537,DIBaS,Clinical,4
Paeruginosa,Paeruginosa00205,0.38346523761280044,0.31076759485215794,0.30576716753504163,DIBaS,Clinical,4
Paeruginosa,Paeruginosa00206,0.29610600897236383,0.4202480905325102,0.2836459004951259,DIBaS,Clinical,4
Paeruginosa,Paeruginosa00207,0.2800714859146043,0.2558946751371038,0.46403383894829187,DIBaS,Clinical,4
Paeruginosa,Paeruginosa00208,0.19208151204040438,0.5132045244544375,0.29471396350515805,DIBaS,Clinical,4
Paeruginosa,Paeruginosa00209,0.2141738305034306,0.6400203507939272,0.1458058187026422,DIBaS,Clinical,4
Paeruginosa,Paeruginosa00210,0.3996379346350046,0.18620233504151396,0.41415973032348147,DIBaS,Clinical,4
Paeruginosa,Paeruginosa00211,0.2968239789534155,0.25054902272905943,0.45262699831752506,DIBaS,Clinical,4
Paeruginosa,Paeruginosa00301,0.3881897166850669,0.28932053621997006,0.3224897470949631,DIBaS,Clinical,4
Paeruginosa,Paeruginosa00302,0.35063561070788357,0.25901353604748956,0.39035085324462687,DIBaS,Clinical,4
Paeruginosa,Paeruginosa00303,0.3063590808168264,0.2682184730069991,0.42542244617617453,DIBaS,Clinical,4
Paeruginosa,Paeruginosa00304,0.3003632699917372,0.4051341599342318,0.294502570074031,DIBaS,Clinical,4
Paeruginosa,Paeruginosa00305,0.34461109155560876,0.2991558096100187,0.35623309883437254,DIBaS,Clinical,4
Paeruginosa,Paeruginosa00306,0.3495058993140534,0.3226567868222968,0.3278373138636498,DIBaS,Clinical,4
Paeruginosa,Paeruginosa00307,0.40223899215746073,0.15249393195460118,0.44526707588793807,DIBaS,Clinical,4
Paeruginosa,Paeruginosa00308,0.2412561779540242,0.4576696335475595,0.3010741884984163,DIBaS,Clinical,4
Paeruginosa,Paeruginosa00309,0.3259878136077443,0.3469552596581983,0.3270569267340574,DIBaS,Clinical,4
Paeruginosa,Paeruginosa00310,0.3363445162000555,0.3128977425046604,0.3507577412952841,DIBaS,Clinical,4
Ecoli,Ecoli00201,0.3290547059635034,0.37722812063285377,0.2937171734036428,DIBaS,Clinical,5
Ecoli,Ecoli00202,0.28711398199195964,0.37342532731627287,0.33946069069176754,DIBaS,Clinical,5
Ecoli,Ecoli00203,0.28858005078344867,0.3962882372237213,0.31513171199283,DIBaS,Clinical,5
Ecoli,Ecoli00204,0.335070964221095,0.3066301015032191,0.35829893427568593,DIBaS,Clinical,5
Ecoli,Ecoli00205,0.31388032162423934,0.389086443994261,0.2970332343814996,DIBaS,Clinical,5
Ecoli,Ecoli00206,0.20358158340309232,0.41753339792673716,0.3788850186701705,DIBaS,Clinical,5
Ecoli,Ecoli00207,0.2592268363113568,0.45485235706025967,0.28592080662838354,DIBaS,Clinical,5
Ecoli,Ecoli00208,0.34519294792891886,0.35603233500097486,0.2987747170701062,DIBaS,Clinical,5
Ecoli,Ecoli00209,0.16706713022606806,0.5729235606672358,0.26000930910669606,DIBaS,Clinical,5
Ecoli,Ecoli00301,0.3007790443624678,0.4535435889268128,0.2456773667107194,DIBaS,Clinical,5
Ecoli,Ecoli00302,0.18274888998706967,0.4164778983704962,0.4007732116424341,DIBaS,Clinical,5
Ecoli,Ecoli00303,0.16931809967688435,0.4632064648762844,0.36747543544683126,DIBaS,Clinical,5
Ecoli,Ecoli00304,0.1975371203661937,0.48626061832450335,0.316202261309303,DIBaS,Clinical,5
Ecoli,Ecoli00305,0.20609149093504064,0.47092445654634263,0.3229840525186167,DIBaS,Clinical,5
Ecoli,Ecoli00306,0.16937321255897836,0.4294489191058373,0.4011778683351843,DIBaS,Clinical,5
Ecoli,Ecoli00307,0.1771165434839629,0.5311814489397422,0.29170200757629494,DIBaS,Clinical,5
Ecoli,Ecoli00308,0.21159839264751656,0.3876467286649879,0.40075487868749554,DIBaS,Clinical,5
Ecoli,Ecoli00309,0.23164680931682405,0.31364737655572333,0.4547058141274526,DIBaS,Clinical,5
Ecoli,Ecoli00310,0.1996461816435614,0.4561160028836246,0.344237815472814,DIBaS,Clinical,5
Ecoli,Ecoli00401,0.1896635189955353,0.43392502104484665,0.37641145995961806,DIBaS,Clinical,5
Ecoli,Ecoli00402,0.18418362235353505,0.39146565840034686,0.4243507192461181,DIBaS,Clinical,5
Ecoli,Ecoli00403,0.17643697754989573,0.3910776361880167,0.43248538626208755,DIBaS,Clinical,5
Ecoli,Ecoli00404,0.18318380021984926,0.4435343123428462,0.37328188743730456,DIBaS,Clinical,5
Ecoli,Ecoli00405,0.16444084701380937,0.37683604259240794,0.45872311039378266,DIBaS,Clinical,5
Ecoli,Ecoli00406,0.1643159667279021,0.37958736072761506,0.45609667254448283,DIBaS,Clinical,5
Ecoli,Ecoli00407,0.21949040211345386,0.42947957227676625,0.3510300256097799,DIBaS,Clinical,5
Ecoli,Ecoli00408,0.17199659252088192,0.39535608704764363,0.4326473204314744,DIBaS,Clinical,5
Ecoli,Ecoli00409,0.16973211046634204,0.43436269312227543,0.3959051964113825,DIBaS,Clinical,5
Ecoli,Ecoli00410,0.17278778939491876,0.3876531609545811,0.43955904965050013,DIBaS,Clinical,5
Ecoli,Ecoli00501,0.20732795028454246,0.4725649181135659,0.3201071316018917,DIBaS,Clinical,5
Ecoli,Ecoli00502,0.21354939604542855,0.41744514109187075,0.36900546286270075,DIBaS,Clinical,5
Ecoli,Ecoli00503,0.19185938097415892,0.4186836367152658,0.3894569823105753,DIBaS,Clinical,5
Ecoli,Ecoli00504,0.1953256281431508,0.44496353016834667,0.35971084168850254,DIBaS,Clinical,5
Ecoli,Ecoli00505,0.18071880429539788,0.45437600804176675,0.36490518766283536,DIBaS,Clinical,5
