Bacteria,Source,ObjID,PredictedBacteria,Bfragilis,Ecoli,Paeruginosa,ModelLabel,DataLabel,Seed
Ecoli,Ecoli001,2,Ecoli,0.14120919576293428,0.7912565359201453,0.06753426831692039,DIBaS,Reference,1
Ecoli,Ecoli001,3,Ecoli,0.14074330494689646,0.6655352216458366,0.19372147340726695,DIBaS,Reference,1
Ecoli,Ecoli001,4,Ecoli,0.11573735336966749,0.8076828519111825,0.07657979471914991,DIBaS,Reference,1
Ecoli,Ecoli001,7,Ecoli,0.1845752636751501,0.539642929879953,0.275781806444897,DIBaS,Reference,1
Ecoli,Ecoli001,10,Ecoli,0.16642147675132002,0.5708529643937567,0.26272555885492327,DIBaS,Reference,1
Ecoli,Ecoli001,12,Ecoli,0.22805027010857276,0.6219282062008249,0.15002152369060232,DIBaS,Reference,1
Ecoli,Ecoli001,13,Paeruginosa,0.2334966151425614,0.22265842877219247,0.5438449560852461,DIBaS,Reference,1
Ecoli,Ecoli001,15,Ecoli,0.17279675383422938,0.7123886686213138,0.11481457754445672,DIBaS,Reference,1
Ecoli,Ecoli001,17,Ecoli,0.13746892877309083,0.7746788289253136,0.08785224230159559,DIBaS,Reference,1
Ecoli,Ecoli001,19,Ecoli,0.10941557432301795,0.8000881109061075,0.09049631477087441,DIBaS,Reference,1
Ecoli,Ecoli001,22,Ecoli,0.17251445834101564,0.6775258920788161,0.14995964958016827,DIBaS,Reference,1
Ecoli,Ecoli001,23,Bfragilis,0.4126453648329147,0.33004850424595833,0.257306130921127,DIBaS,Reference,1
Ecoli,Ecoli001,24,Ecoli,0.1077370770663916,0.8017716548988602,0.09049126803474834,DIBaS,Reference,1
Ecoli,Ecoli001,25,Ecoli,0.14883745490918268,0.7126336776278841,0.13852886746293328,DIBaS,Reference,1
Ecoli,Ecoli001,27,Ecoli,0.1368065792891002,0.7368140772192233,0.12637934349167648,DIBaS,Reference,1
Ecoli,Ecoli001,28,Ecoli,0.19347921825950506,0.5231956701445033,0.2833251115959918,DIBaS,Reference,1
Ecoli,Ecoli001,29,Ecoli,0.20133411715809083,0.7072170184242533,0.09144886441765607,DIBaS,Reference,1
Ecoli,Ecoli001,30,Ecoli,0.12736397184132503,0.7482883954840989,0.12434763267457602,DIBaS,Reference,1
Ecoli,Ecoli001,32,Ecoli,0.15665859339257243,0.7570422608489077,0.08629914575851991,DIBaS,Reference,1
Ecoli,Ecoli001,34,Ecoli,0.1480211158764636,0.7443899014482133,0.10758898267532321,DIBaS,Reference,1
Ecoli,Ecoli001,35,Ecoli,0.17800094222389418,0.725395635577091,0.09660342219901487,DIBaS,Reference,1
Ecoli,Ecoli001,36,Ecoli,0.18086146189510763,0.5040180610891771,0.3151204770157152,DIBaS,Reference,1
Ecoli,Ecoli001,38,Ecoli,0.16863587807428304,0.7054774484292123,0.12588667349650465,DIBaS,Reference,1
Ecoli,Ecoli001,41,Ecoli,0.32439395434538626,0.5423920116385429,0.13321403401607076,DIBaS,Reference,1
Ecoli,Ecoli001,43,Paeruginosa,0.22372064695111213,0.30879613578519965,0.4674832172636882,DIBaS,Reference,1
Ecoli,Ecoli001,44,Ecoli,0.18231446878922639,0.7302823074852509,0.08740322372552267,DIBaS,Reference,1
Ecoli,Ecoli001,46,Ecoli,0.34099830556455213,0.4316783959898302,0.22732329844561774,DIBaS,Reference,1
Ecoli,Ecoli001,47,Bfragilis,0.4526292743939619,0.28565401205082996,0.2617167135552082,DIBaS,Reference,1
Ecoli,Ecoli001,53,Ecoli,0.17797898891180428,0.6113556943411408,0.2106653167470549,DIBaS,Reference,1
Ecoli,Ecoli001,54,Ecoli,0.22322117025688584,0.5618349987029317,0.21494383104018247,DIBaS,Reference,1
Ecoli,Ecoli001,57,Ecoli,0.19399957371380563,0.5235725818126589,0.28242784447353547,DIBaS,Reference,1
Ecoli,Ecoli001,58,Ecoli,0.1648070442218612,0.7576114611138667,0.0775814946642722,DIBaS,Reference,1
Ecoli,Ecoli001,59,Ecoli,0.1197086692910995,0.4602677804337612,0.42002355027513927,DIBaS,Reference,1
Ecoli,Ecoli001,60,Ecoli,0.13492516995360856,0.7929436310719002,0.07213119897449123,DIBaS,Reference,1
Ecoli,Ecoli002,1,Ecoli,0.1666393858677183,0.7603408012879964,0.0730198128442852,DIBaS,Reference,1
Ecoli,Ecoli002,2,Ecoli,0.20881469720391505,0.7041116902024472,0.0870736125936377,DIBaS,Reference,1
Ecoli,Ecoli002,5,Ecoli,0.15729445868267203,0.6017724323180723,0.24093310899925569,DIBaS,Reference,1
Ecoli,Ecoli002,6,Ecoli,0.11718849642534417,0.703333457130752,0.17947804644390383,DIBaS,Reference,1
Ecoli,Ecoli002,7,Ecoli,0.1618214722588542,0.7377008565659946,0.10047767117515104,DIBaS,Reference,1
Ecoli,Ecoli002,9,Ecoli,0.15428366183378558,0.7693534584683865,0.07636287969782786,DIBaS,Reference,1
Ecoli,Ecoli002,11,Ecoli,0.10346805494765125,0.8326073781436079,0.06392456690874096,DIBaS,Reference,1
Ecoli,Ecoli002,12,Paeruginosa,0.13360838391256313,0.29269978855806766,0.5736918275293692,DIBaS,Reference,1
Ecoli,Ecoli002,13,Ecoli,0.1368016376264935,0.7913218073222349,0.07187655505127162,DIBaS,Reference,1
Ecoli,Ecoli002,14,Ecoli,0.11814712380494252,0.7939798185684515,0.08787305762660615,DIBaS,Reference,1
Ecoli,Ecoli002,15,Ecoli,0.27384548016988985,0.363172061847443,0.36298245798266715,DIBaS,Reference,1
Ecoli,Ecoli002,16,Ecoli,0.10940450674956012,0.7338111103378124,0.1567843829126276,DIBaS,Reference,1
Ecoli,Ecoli002,17,Ecoli,0.1457164776765111,0.6915853460139058,0.16269817630958314,DIBaS,Reference,1
Ecoli,Ecoli002,18,Ecoli,0.10221771816020508,0.8394703810660982,0.05831190077369678,DIBaS,Reference,1
Ecoli,Ecoli002,19,Ecoli,0.09762223926609062,0.8360179633042245,0.0663597974296849,DIBaS,Reference,1
Ecoli,Ecoli002,22,Ecoli,0.17923897244768638,0.6954231378689085,0.1253378896834051,DIBaS,Reference,1
Ecoli,Ecoli002,23,Ecoli,0.14996209371574332,0.6566884001916986,0.19334950609255808,DIBaS,Reference,1
Ecoli,Ecoli002,26,Paeruginosa,0.270604095309696,0.36235756109256895,0.3670383435977351,DIBaS,Reference,1
Ecoli,Ecoli002,27,Ecoli,0.1836727331051807,0.7237345328257376,0.09259273406908176,DIBaS,Reference,1
Ecoli,Ecoli002,29,Ecoli,0.17289538184852257,0.7381391251976398,0.08896549295383772,DIBaS,Reference,1
Ecoli,Ecoli002,30,Paeruginosa,0.16433284176196902,0.3167981261281191,0.518869032109912,DIBaS,Reference,1
Ecoli,Ecoli002,32,Ecoli,0.1757670554156087,0.7385061053496763,0.08572683923471505,DIBaS,Reference,1
Ecoli,Ecoli002,38,Ecoli,0.16651799241916165,0.4626807603922784,0.37080124718856,DIBaS,Reference,1
Ecoli,Ecoli002,40,Ecoli,0.13706084844038977,0.4695112128190226,0.3934279387405876,DIBaS,Reference,1
Ecoli,Ecoli002,41,Ecoli,0.21694379387902793,0.48337939038741257,0.2996768157335596,DIBaS,Reference,1
Ecoli,Ecoli002,43,Ecoli,0.1251426592312653,0.5212045316064928,0.35365280916224184,DIBaS,Reference,1
Ecoli,Ecoli002,45,Ecoli,0.12265721694489948,0.812528210508362,0.06481457254673852,DIBaS,Reference,1
Ecoli,Ecoli002,48,Ecoli,0.10430279219883325,0.8205760643048811,0.07512114349628564,DIBaS,Reference,1
Ecoli,Ecoli002,49,Ecoli,0.15804448884914138,0.7155055293683656,0.1264499817824931,DIBaS,Reference,1
Ecoli,Ecoli002,50,Ecoli,0.13356550574660447,0.7177880098267864,0.14864648442660924,DIBaS,Reference,1
Ecoli,Ecoli002,51,Ecoli,0.30118534468235303,0.595995283500433,0.1028193718172141,DIBaS,Reference,1
Ecoli,Ecoli002,52,Ecoli,0.12531353073243862,0.7664544363911363,0.10823203287642501,DIBaS,Reference,1
Ecoli,Ecoli002,55,Ecoli,0.25887839135369456,0.6276874982554481,0.11343411039085748,DIBaS,Reference,1
Ecoli,Ecoli002,58,Ecoli,0.2751185045717374,0.6156677386151191,0.10921375681314344,DIBaS,Reference,1
Ecoli,Ecoli002,61,Ecoli,0.20665389695155112,0.619934053689634,0.1734120493588149,DIBaS,Reference,1
Ecoli,Ecoli002,62,Paeruginosa,0.18513692142713725,0.35063917507842574,0.46422390349443704,DIBaS,Reference,1
Ecoli,Ecoli003,6,Ecoli,0.13225573608061672,0.7583998724425061,0.10934439147687719,DIBaS,Reference,1
Ecoli,Ecoli003,7,Ecoli,0.3313144830776541,0.5365396560129863,0.13214586090935956,DIBaS,Reference,1
Ecoli,Ecoli003,8,Ecoli,0.31121285522391456,0.560213077793954,0.1285740669821315,DIBaS,Reference,1
Ecoli,Ecoli003,9,Ecoli,0.15979838085532633,0.7562572546582756,0.08394436448639811,DIBaS,Reference,1
Ecoli,Ecoli003,10,Ecoli,0.12576129923366305,0.8103300528783368,0.06390864788800019,DIBaS,Reference,1
Ecoli,Ecoli003,13,Ecoli,0.20934658914853524,0.5242980470102897,0.26635536384117503,DIBaS,Reference,1
Ecoli,Ecoli003,14,Ecoli,0.24101380150355803,0.6388629620931646,0.12012323640327739,DIBaS,Reference,1
Ecoli,Ecoli003,15,Ecoli,0.2966003320616659,0.4361099966967794,0.26728967124155456,DIBaS,Reference,1
Ecoli,Ecoli003,16,Ecoli,0.23725498071803475,0.644989223447714,0.11775579583425129,DIBaS,Reference,1
Ecoli,Ecoli003,18,Ecoli,0.277009301954272,0.5253687439596236,0.19762195408610442,DIBaS,Reference,1
Ecoli,Ecoli003,20,Ecoli,0.11558540472522073,0.8060994553296709,0.0783151399451085,DIBaS,Reference,1
Ecoli,Ecoli003,22,Bfragilis,0.43320199854096464,0.2393423871124368,0.3274556143465986,DIBaS,Reference,1
Ecoli,Ecoli003,23,Ecoli,0.17820539496951404,0.6689773922339127,0.15281721279657332,DIBaS,Reference,1
Ecoli,Ecoli003,24,Ecoli,0.2605539237071041,0.6485401872876758,0.09090588900522005,DIBaS,Reference,1
Ecoli,Ecoli003,27,Ecoli,0.15836895693642472,0.7241431244422736,0.11748791862130181,DIBaS,Reference,1
Ecoli,Ecoli003,28,Ecoli,0.13993563862914926,0.44963744737979316,0.4104269139910576,DIBaS,Reference,1
Ecoli,Ecoli003,30,Ecoli,0.17785102366852443,0.7426352806692272,0.07951369566224835,DIBaS,Reference,1
Ecoli,Ecoli003,31,Paeruginosa,0.3313811336696031,0.22120668974270868,0.44741217658768817,DIBaS,Reference,1
Ecoli,Ecoli003,32,Paeruginosa,0.3250496109111467,0.3226818150248308,0.3522685740640224,DIBaS,Reference,1
Ecoli,Ecoli003,33,Ecoli,0.3258076501611791,0.49782949444017804,0.176362855398643,DIBaS,Reference,1
Ecoli,Ecoli003,35,Ecoli,0.3513598868326115,0.4953936470321715,0.1532464661352171,DIBaS,Reference,1
Ecoli,Ecoli003,36,Ecoli,0.09899645926367943,0.8281913490839087,0.07281219165241191,DIBaS,Reference,1
Ecoli,Ecoli003,38,Ecoli,0.12475596152959498,0.7263861543853,0.14885788408510514,DIBaS,Reference,1
Ecoli,Ecoli003,39,Ecoli,0.15604075573099552,0.7500504408879494,0.09390880338105508,DIBaS,Reference,1
Ecoli,Ecoli003,40,Ecoli,0.1323358568234662,0.7738288347390397,0.09383530843749394,DIBaS,Reference,1
Ecoli,Ecoli003,42,Ecoli,0.27758559437605657,0.6280653509654155,0.09434905465852794,DIBaS,Reference,1
Ecoli,Ecoli003,44,Paeruginosa,0.2392764016328934,0.3791640154504192,0.3815595829166875,DIBaS,Reference,1
Ecoli,Ecoli003,45,Ecoli,0.17763286559925162,0.6802932564031329,0.14207387799761545,DIBaS,Reference,1
Ecoli,Ecoli003,46,Paeruginosa,0.18669262094935257,0.31157464331125045,0.5017327357393969,DIBaS,Reference,1
Ecoli,Ecoli003,47,Ecoli,0.1336405928130781,0.7709951343063625,0.09536427288055936,DIBaS,Reference,1
Ecoli,Ecoli003,48,Ecoli,0.19811205369169121,0.6077070629431802,0.19418088336512854,DIBaS,Reference,1
Ecoli,Ecoli003,49,Ecoli,0.3774929260087135,0.47747046107652413,0.14503661291476247,DIBaS,Reference,1
Ecoli,Ecoli003,51,Bfragilis,0.4039870184277798,0.3165507483278867,0.2794622332443334,DIBaS,Reference,1
Ecoli,Ecoli003,52,Ecoli,0.15575762231826287,0.7457862187785225,0.09845615890321467,DIBaS,Reference,1
Ecoli,Ecoli003,53,Ecoli,0.08616971567783165,0.8275952349888361,0.08623504933333212,DIBaS,Reference,1
Ecoli,Ecoli003,55,Ecoli,0.17442905022070912,0.690771509127528,0.13479944065176283,DIBaS,Reference,1
Ecoli,Ecoli003,57,Ecoli,0.13738565486793877,0.7957077797558528,0.0669065653762085,DIBaS,Reference,1
Ecoli,Ecoli003,58,Ecoli,0.217903186376545,0.6365960042483566,0.1455008093750984,DIBaS,Reference,1
Ecoli,Ecoli003,60,Ecoli,0.12022411858198899,0.7497474733064802,0.13002840811153082,DIBaS,Reference,1
Ecoli,Ecoli003,61,Ecoli,0.21969243897101964,0.41306393928870416,0.36724362174027625,DIBaS,Reference,1
Ecoli,Ecoli003,62,Ecoli,0.25922196554958704,0.5536887045057272,0.18708932994468574,DIBaS,Reference,1
Ecoli,Ecoli003,63,Ecoli,0.1283533819337376,0.7966143623663534,0.07503225569990889,DIBaS,Reference,1
Ecoli,Ecoli003,64,Ecoli,0.33295365535811217,0.5439274684500439,0.12311887619184388,DIBaS,Reference,1
Ecoli,Ecoli003,65,Ecoli,0.15071081456403548,0.746823296055313,0.10246588938065171,DIBaS,Reference,1
Ecoli,Ecoli003,66,Ecoli,0.19098403339612283,0.5979141381337338,0.21110182847014328,DIBaS,Reference,1
Ecoli,Ecoli003,68,Bfragilis,0.41964075682487156,0.19260133569701815,0.3877579074781103,DIBaS,Reference,1
Ecoli,Ecoli003,70,Ecoli,0.280165767897377,0.6099515159388811,0.10988271616374179,DIBaS,Reference,1
Ecoli,Ecoli003,72,Ecoli,0.15348431798337964,0.7770098296948333,0.06950585232178695,DIBaS,Reference,1
Ecoli,Ecoli003,75,Ecoli,0.15261850073675373,0.7786329841409921,0.06874851512225406,DIBaS,Reference,1
Ecoli,Ecoli003,77,Ecoli,0.20860287088732132,0.6844868717645908,0.10691025734808796,DIBaS,Reference,1
Ecoli,Ecoli003,78,Bfragilis,0.4427460692093934,0.4257738142712596,0.13148011651934693,DIBaS,Reference,1
Ecoli,Ecoli003,79,Bfragilis,0.45916447609153965,0.4066725966993464,0.1341629272091139,DIBaS,Reference,1
Ecoli,Ecoli003,80,Ecoli,0.3961030572022114,0.48573937623823754,0.1181575665595513,DIBaS,Reference,1
Ecoli,Ecoli003,83,Ecoli,0.14372289352595352,0.7701212700071649,0.08615583646688145,DIBaS,Reference,1
Ecoli,Ecoli003,84,Ecoli,0.14354018092522766,0.5678288432518976,0.2886309758228746,DIBaS,Reference,1
Ecoli,Ecoli003,85,Ecoli,0.1445470042353751,0.7840421133169817,0.07141088244764328,DIBaS,Reference,1
Ecoli,Ecoli003,86,Ecoli,0.17096534322913046,0.631456493929155,0.19757816284171456,DIBaS,Reference,1
Ecoli,Ecoli003,87,Bfragilis,0.497068057032135,0.3522015890098884,0.15073035395797654,DIBaS,Reference,1
Ecoli,Ecoli003,88,Ecoli,0.1426286826657897,0.6827902369927202,0.17458108034149022,DIBaS,Reference,1
Ecoli,Ecoli003,92,Ecoli,0.1252736683919117,0.7875454533009377,0.08718087830715052,DIBaS,Reference,1
Ecoli,Ecoli003,94,Ecoli,0.1356798733642699,0.7350768487177075,0.1292432779180225,DIBaS,Reference,1
Ecoli,Ecoli003,97,Ecoli,0.13108649501910669,0.7526910270084245,0.11622247797246883,DIBaS,Reference,1
Ecoli,Ecoli003,98,Ecoli,0.1257246354226006,0.7069708656659848,0.1673044989114146,DIBaS,Reference,1
Ecoli,Ecoli003,102,Ecoli,0.1318922510172847,0.7923408915416437,0.07576685744107145,DIBaS,Reference,1
Ecoli,Ecoli003,103,Ecoli,0.3352060753269016,0.4647656981031561,0.20002822656994237,DIBaS,Reference,1
Ecoli,Ecoli003,107,Bfragilis,0.3864745958499848,0.3015489205225121,0.31197648362750313,DIBaS,Reference,1
Ecoli,Ecoli003,108,Bfragilis,0.4164545585563066,0.33931742861073055,0.24422801283296278,DIBaS,Reference,1
Ecoli,Ecoli003,109,Ecoli,0.33619807636219673,0.5178750050013666,0.14592691863643653,DIBaS,Reference,1
Ecoli,Ecoli003,110,Ecoli,0.30379874027054354,0.5717513476597916,0.12444991206966478,DIBaS,Reference,1
Ecoli,Ecoli003,113,Ecoli,0.17797559133478233,0.6996004990599796,0.122423909605238,DIBaS,Reference,1
Ecoli,Ecoli003,114,Ecoli,0.14327671011719545,0.7659328601658854,0.09079042971691925,DIBaS,Reference,1
Ecoli,Ecoli004,6,Ecoli,0.24621659480363614,0.6151912459780805,0.13859215921828344,DIBaS,Reference,1
Ecoli,Ecoli004,10,Ecoli,0.21026709034794808,0.6499275334601544,0.13980537619189745,DIBaS,Reference,1
Ecoli,Ecoli004,11,Ecoli,0.12062547056055684,0.6894633069334022,0.18991122250604095,DIBaS,Reference,1
Ecoli,Ecoli004,16,Paeruginosa,0.1464574410736813,0.2962530337027406,0.5572895252235781,DIBaS,Reference,1
Ecoli,Ecoli004,17,Paeruginosa,0.3172799096152681,0.26667285022911663,0.4160472401556151,DIBaS,Reference,1
Ecoli,Ecoli004,18,Bfragilis,0.4414639755035994,0.4018558744735767,0.1566801500228239,DIBaS,Reference,1
Ecoli,Ecoli004,19,Ecoli,0.09221444974656885,0.8561149789340728,0.051670571319358254,DIBaS,Reference,1
Ecoli,Ecoli004,21,Ecoli,0.3284798720788812,0.5394512126183107,0.13206891530280807,DIBaS,Reference,1
Ecoli,Ecoli004,22,Ecoli,0.13575545752107762,0.7726902181847835,0.09155432429413891,DIBaS,Reference,1
Ecoli,Ecoli004,23,Ecoli,0.15596679035639097,0.6952366211881192,0.14879658845548982,DIBaS,Reference,1
Ecoli,Ecoli004,25,Ecoli,0.1295901045115931,0.7923793864901765,0.07803050899823039,DIBaS,Reference,1
Ecoli,Ecoli004,29,Ecoli,0.3174590704599782,0.575577230476335,0.1069636990636868,DIBaS,Reference,1
Ecoli,Ecoli004,30,Ecoli,0.14164974221331153,0.7843731134014853,0.0739771443852031,DIBaS,Reference,1
Ecoli,Ecoli004,31,Paeruginosa,0.20672966460574702,0.3045122348830535,0.4887581005111995,DIBaS,Reference,1
Ecoli,Ecoli004,32,Ecoli,0.3886472872779033,0.4841082375949968,0.12724447512709994,DIBaS,Reference,1
Ecoli,Ecoli004,33,Ecoli,0.14446912939984752,0.7505937120559627,0.10493715854418986,DIBaS,Reference,1
Ecoli,Ecoli004,37,Ecoli,0.15621668509819472,0.6111098952686013,0.232673419633204,DIBaS,Reference,1
Ecoli,Ecoli004,38,Ecoli,0.12250758417115501,0.7830820937609099,0.09441032206793509,DIBaS,Reference,1
Ecoli,Ecoli004,40,Ecoli,0.2179314065870228,0.48125889851711917,0.30080969489585796,DIBaS,Reference,1
Ecoli,Ecoli004,43,Paeruginosa,0.11973322509953276,0.33717537371520545,0.5430914011852617,DIBaS,Reference,1
Ecoli,Ecoli004,45,Ecoli,0.18408908514747277,0.7253728315776179,0.09053808327490935,DIBaS,Reference,1
Ecoli,Ecoli004,48,Ecoli,0.2845659113917815,0.5966661935428574,0.11876789506536116,DIBaS,Reference,1
Ecoli,Ecoli004,49,Ecoli,0.13984692904940546,0.5048370516871076,0.35531601926348705,DIBaS,Reference,1
Ecoli,Ecoli004,51,Bfragilis,0.4180988065206861,0.41805605189164885,0.16384514158766506,DIBaS,Reference,1
Ecoli,Ecoli004,54,Ecoli,0.25990327999528545,0.6242659219010764,0.11583079810363794,DIBaS,Reference,1
Ecoli,Ecoli004,56,Ecoli,0.11470030028496683,0.8057586716714026,0.07954102804363047,DIBaS,Reference,1
Ecoli,Ecoli004,57,Paeruginosa,0.3010526686785596,0.3334255900402724,0.365521741281168,DIBaS,Reference,1
Ecoli,Ecoli004,59,Ecoli,0.2458009388384017,0.5900731485895977,0.16412591257200068,DIBaS,Reference,1
Ecoli,Ecoli004,60,Ecoli,0.13341080006207304,0.780590754379076,0.08599844555885096,DIBaS,Reference,1
Ecoli,Ecoli004,62,Ecoli,0.17709364607759037,0.6880986787840419,0.13480767513836758,DIBaS,Reference,1
Ecoli,Ecoli004,63,Ecoli,0.3093678916304911,0.5681985254497434,0.12243358291976543,DIBaS,Reference,1
Ecoli,Ecoli004,65,Ecoli,0.19693817000683708,0.683830705376765,0.11923112461639776,DIBaS,Reference,1
Ecoli,Ecoli004,66,Ecoli,0.12005828570363453,0.7873856701211631,0.0925560441752024,DIBaS,Reference,1
Ecoli,Ecoli004,67,Bfragilis,0.5421710439430046,0.26338173580186425,0.1944472202551312,DIBaS,Reference,1
Ecoli,Ecoli004,68,Paeruginosa,0.28375903145775766,0.2834269735544516,0.4328139949877908,DIBaS,Reference,1
Ecoli,Ecoli004,69,Ecoli,0.42228021735637417,0.4506306050821489,0.12708917756147683,DIBaS,Reference,1
Ecoli,Ecoli004,73,Ecoli,0.4022334507764887,0.4741888958445667,0.12357765337894443,DIBaS,Reference,1
Ecoli,Ecoli004,75,Ecoli,0.16430679158102598,0.7007461860953751,0.13494702232359893,DIBaS,Reference,1
Ecoli,Ecoli004,76,Ecoli,0.18106402968045426,0.7266659650240613,0.0922700052954845,DIBaS,Reference,1
Ecoli,Ecoli004,77,Ecoli,0.2193286702075133,0.6322628745051235,0.1484084552873631,DIBaS,Reference,1
Ecoli,Ecoli004,79,Ecoli,0.13593247572400777,0.7363781165176597,0.12768940775833248,DIBaS,Reference,1
Ecoli,Ecoli004,80,Ecoli,0.22968674474346915,0.5927456704798441,0.17756758477668677,DIBaS,Reference,1
Ecoli,Ecoli004,82,Bfragilis,0.6230187677748815,0.18975138871122774,0.18722984351389085,DIBaS,Reference,1
Ecoli,Ecoli005,5,Ecoli,0.24735058371961305,0.5320143657686303,0.22063505051175672,DIBaS,Reference,1
Ecoli,Ecoli005,6,Ecoli,0.20644280923837308,0.6796892295881314,0.11386796117349551,DIBaS,Reference,1
Ecoli,Ecoli005,8,Ecoli,0.18418534140132548,0.734630658957988,0.08118399964068654,DIBaS,Reference,1
Ecoli,Ecoli005,10,Ecoli,0.3879956717772044,0.46468445920276613,0.1473198690200294,DIBaS,Reference,1
Ecoli,Ecoli005,12,Ecoli,0.12913520643552837,0.5692737357172826,0.301591057847189,DIBaS,Reference,1
Ecoli,Ecoli005,13,Ecoli,0.12116445466675466,0.7838195678101941,0.09501597752305109,DIBaS,Reference,1
Ecoli,Ecoli005,14,Paeruginosa,0.12217747953382929,0.2826486338344887,0.595173886631682,DIBaS,Reference,1
Ecoli,Ecoli005,15,Ecoli,0.21352731652057846,0.6553764413899312,0.13109624208949028,DIBaS,Reference,1
Ecoli,Ecoli005,16,Ecoli,0.16823910121901275,0.7272621258031016,0.10449877297788582,DIBaS,Reference,1
Ecoli,Ecoli005,17,Ecoli,0.1646085413615639,0.7491094814535609,0.08628197718487511,DIBaS,Reference,1
Ecoli,Ecoli005,19,Ecoli,0.328719137856992,0.5701392465726591,0.10114161557034865,DIBaS,Reference,1
Ecoli,Ecoli005,21,Ecoli,0.16032114582298954,0.7018811546942745,0.13779769948273599,DIBaS,Reference,1
Ecoli,Ecoli005,24,Ecoli,0.22906906146883071,0.6276232443341577,0.14330769419701161,DIBaS,Reference,1
Ecoli,Ecoli005,25,Ecoli,0.3925722664615217,0.4837609167392653,0.12366681679921304,DIBaS,Reference,1
Ecoli,Ecoli005,26,Paeruginosa,0.2310427427807081,0.17828506589327892,0.590672191326013,DIBaS,Reference,1
Ecoli,Ecoli005,27,Ecoli,0.3940940027400155,0.4453881245051437,0.16051787275484083,DIBaS,Reference,1
Ecoli,Ecoli005,28,Ecoli,0.17176918400444333,0.7486945467127367,0.0795362692828201,DIBaS,Reference,1
Ecoli,Ecoli005,29,Ecoli,0.3393645992965309,0.44391990589258307,0.21671549481088598,DIBaS,Reference,1
Ecoli,Ecoli005,31,Ecoli,0.24163546957098447,0.5027739095228556,0.25559062090615975,DIBaS,Reference,1
Ecoli,Ecoli005,33,Ecoli,0.17844369190962756,0.5001895936965544,0.32136671439381814,DIBaS,Reference,1
Ecoli,Ecoli005,34,Ecoli,0.23969003931849658,0.6368756862020059,0.12343427447949755,DIBaS,Reference,1
Ecoli,Ecoli005,35,Ecoli,0.182962406473309,0.7033186351072341,0.11371895841945695,DIBaS,Reference,1
Ecoli,Ecoli005,36,Bfragilis,0.533049687048552,0.23423822603066372,0.2327120869207844,DIBaS,Reference,1
Ecoli,Ecoli005,38,Bfragilis,0.47850770549267274,0.3083949877209714,0.21309730678635574,DIBaS,Reference,1
Ecoli,Ecoli005,39,Paeruginosa,0.19692171474378228,0.3628635631161313,0.4402147221400865,DIBaS,Reference,1
Ecoli,Ecoli005,40,Ecoli,0.39958569292953283,0.435175336490836,0.1652389705796312,DIBaS,Reference,1
Ecoli,Ecoli005,43,Bfragilis,0.46288993609240864,0.34335631220827867,0.19375375169931264,DIBaS,Reference,1
Ecoli,Ecoli005,44,Ecoli,0.35283194445212385,0.466849111686763,0.18031894386111313,DIBaS,Reference,1
Ecoli,Ecoli005,46,Ecoli,0.26316353298007017,0.6115516397148902,0.12528482730503965,DIBaS,Reference,1
Ecoli,Ecoli005,47,Ecoli,0.1489367563947705,0.5917013369066259,0.2593619066986037,DIBaS,Reference,1
Ecoli,Ecoli005,50,Ecoli,0.29733810012131395,0.5882226609048079,0.11443923897387828,DIBaS,Reference,1
Ecoli,Ecoli005,53,Ecoli,0.3045424084247714,0.41067049109197173,0.2847871004832568,DIBaS,Reference,1
Ecoli,Ecoli005,57,Paeruginosa,0.23491745875460926,0.3143881248561767,0.450694416389214,DIBaS,Reference,1
Ecoli,Ecoli005,58,Ecoli,0.30996244734945894,0.5486766266700512,0.14136092598048983,DIBaS,Reference,1
Ecoli,Ecoli005,59,Ecoli,0.16114010697029926,0.738599390953066,0.10026050207663476,DIBaS,Reference,1
Ecoli,Ecoli005,60,Ecoli,0.11961000850747525,0.7805398466299174,0.09985014486260736,DIBaS,Reference,1
Ecoli,Ecoli005,61,Bfragilis,0.4367824524596579,0.26822783811399953,0.2949897094263426,DIBaS,Reference,1
Ecoli,Ecoli005,62,Bfragilis,0.5052767444254659,0.3662178829899221,0.1285053725846119,DIBaS,Reference,1
Ecoli,Ecoli005,63,Ecoli,0.17278494901692582,0.7350982387030455,0.09211681228002866,DIBaS,Reference,1
Ecoli,Ecoli005,64,Ecoli,0.14104930316690964,0.7902993325246048,0.06865136430848542,DIBaS,Reference,1
Ecoli,Ecoli005,65,Ecoli,0.2183211515003103,0.606218054164143,0.17546079433554682,DIBaS,Reference,1
Ecoli,Ecoli005,67,Ecoli,0.20739887293824585,0.6521885197098803,0.14041260735187389,DIBaS,Reference,1
Ecoli,Ecoli005,68,Ecoli,0.18742880433717152,0.7103036943572546,0.10226750130557387,DIBaS,Reference,1
Ecoli,Ecoli005,69,Ecoli,0.19398369335507315,0.6202112105604083,0.1858050960845186,DIBaS,Reference,1
Ecoli,Ecoli005,71,Ecoli,0.19753983171178371,0.6851268496318793,0.11733331865633705,DIBaS,Reference,1
Ecoli,Ecoli005,73,Ecoli,0.1571430162713012,0.7355346784657963,0.10732230526290255,DIBaS,Reference,1
Ecoli,Ecoli005,74,Ecoli,0.182653316541709,0.7332005036623931,0.08414617979589792,DIBaS,Reference,1
Ecoli,Ecoli005,75,Ecoli,0.13608129415075862,0.7816552448473146,0.08226346100192676,DIBaS,Reference,1
Ecoli,Ecoli005,76,Ecoli,0.13402350102311475,0.7441888514569434,0.12178764751994188,DIBaS,Reference,1
Ecoli,Ecoli005,77,Ecoli,0.19961648792474068,0.646540077798199,0.15384343427706018,DIBaS,Reference,1
Ecoli,Ecoli005,78,Ecoli,0.4049676428152783,0.4732078220074709,0.12182453517725085,DIBaS,Reference,1
Ecoli,Ecoli005,84,Ecoli,0.1035767924942695,0.7624744763702979,0.13394873113543251,DIBaS,Reference,1
Ecoli,Ecoli005,85,Ecoli,0.3300410402175771,0.3461684582666163,0.3237905015158067,DIBaS,Reference,1
Ecoli,Ecoli005,87,Ecoli,0.2033453978810069,0.6327264459694056,0.1639281561495875,DIBaS,Reference,1
Ecoli,Ecoli005,89,Ecoli,0.1561304497089596,0.7148691955182923,0.12900035477274802,DIBaS,Reference,1
Ecoli,Ecoli005,90,Ecoli,0.17475522154116574,0.670817357333757,0.15442742112507732,DIBaS,Reference,1
Ecoli,Ecoli005,91,Paeruginosa,0.262098874646612,0.28140745960846864,0.45649366574491923,DIBaS,Reference,1
Ecoli,Ecoli005,92,Ecoli,0.17096414259933734,0.7342038528550698,0.09483200454559285,DIBaS,Reference,1
Ecoli,Ecoli005,93,Ecoli,0.3558564147525309,0.4893641749702971,0.1547794102771721,DIBaS,Reference,1
Ecoli,Ecoli005,94,Bfragilis,0.40910897822062114,0.28646776784945865,0.3044232539299202,DIBaS,Reference,1
Ecoli,Ecoli005,96,Ecoli,0.20488563013452613,0.7159308736971539,0.07918349616831999,DIBaS,Reference,1
Ecoli,Ecoli005,100,Ecoli,0.10446680596121842,0.7989905371042793,0.09654265693450241,DIBaS,Reference,1
Ecoli,Ecoli005,101,Ecoli,0.1499930112510103,0.5842272948034404,0.2657796939455491,DIBaS,Reference,1
Ecoli,Ecoli005,102,Ecoli,0.2989417626837981,0.546244040989015,0.15481419632718693,DIBaS,Reference,1
Ecoli,Ecoli005,104,Bfragilis,0.38907061192377906,0.3739477735957565,0.23698161448046454,DIBaS,Reference,1
Ecoli,Ecoli005,107,Ecoli,0.19599057895360814,0.6118330181823095,0.19217640286408239,DIBaS,Reference,1
Ecoli,Ecoli005,111,Ecoli,0.11780868887249978,0.8063261472647814,0.07586516386271891,DIBaS,Reference,1
Ecoli,Ecoli005,113,Ecoli,0.12595133711170575,0.6259277274376494,0.24812093545064498,DIBaS,Reference,1
Ecoli,Ecoli005,114,Ecoli,0.36712183281322486,0.41935227718530727,0.21352589000146788,DIBaS,Reference,1
Ecoli,Ecoli005,116,Ecoli,0.14774830056192198,0.7786758870979604,0.0735758123401177,DIBaS,Reference,1
Ecoli,Ecoli005,119,Ecoli,0.23954526396419218,0.6673332675894905,0.0931214684463174,DIBaS,Reference,1
Ecoli,Ecoli005,121,Ecoli,0.1215369695940698,0.7969883056633483,0.08147472474258194,DIBaS,Reference,1
Ecoli,Ecoli005,123,Ecoli,0.15255289368255398,0.6766434397984046,0.17080366651904139,DIBaS,Reference,1
Ecoli,Ecoli005,125,Ecoli,0.18167286573524496,0.7210674098942957,0.09725972437045927,DIBaS,Reference,1
Ecoli,Ecoli005,128,Ecoli,0.22866205799456002,0.672642025740478,0.09869591626496199,DIBaS,Reference,1
Ecoli,Ecoli005,129,Ecoli,0.19814205460696996,0.6088066781625316,0.19305126723049826,DIBaS,Reference,1
Ecoli,Ecoli005,134,Bfragilis,0.4249185835159165,0.30459732441876186,0.27048409206532176,DIBaS,Reference,1
Ecoli,Ecoli005,135,Ecoli,0.12741003007139115,0.7144208693874832,0.15816910054112573,DIBaS,Reference,1
Ecoli,Ecoli005,137,Ecoli,0.3431048756353387,0.46410671276707716,0.19278841159758411,DIBaS,Reference,1
Ecoli,Ecoli005,139,Ecoli,0.1695884321676025,0.7266413264035714,0.10377024142882597,DIBaS,Reference,1
Ecoli,Ecoli005,140,Ecoli,0.41485303860126704,0.43443410568772634,0.15071285571100657,DIBaS,Reference,1
Ecoli,Ecoli005,141,Ecoli,0.21381950488144277,0.6731749053677538,0.11300558975080348,DIBaS,Reference,1
Ecoli,Ecoli005,146,Ecoli,0.3430522224794268,0.5457732447479544,0.11117453277261885,DIBaS,Reference,1
Ecoli,Ecoli005,147,Ecoli,0.39011552675867955,0.46130373817349385,0.14858073506782657,DIBaS,Reference,1
Ecoli,Ecoli005,148,Ecoli,0.16858675886426988,0.70689962343743,0.12451361769830019,DIBaS,Reference,1
Ecoli,Ecoli005,150,Ecoli,0.3808955290507606,0.4241289136666289,0.19497555728261043,DIBaS,Reference,1
Ecoli,Ecoli005,152,Bfragilis,0.3652699888909393,0.29464529155453906,0.34008471955452146,DIBaS,Reference,1
Ecoli,Ecoli005,154,Ecoli,0.15694581542383979,0.7318143945867122,0.11123978998944814,DIBaS,Reference,1
Ecoli,Ecoli005,157,Ecoli,0.16624720115012348,0.6075603067937655,0.22619249205611108,DIBaS,Reference,1
Ecoli,Ecoli005,160,Ecoli,0.20129936398482218,0.5628929568792393,0.2358076791359385,DIBaS,Reference,1
Ecoli,Ecoli005,161,Ecoli,0.2996117145036152,0.43651476831999475,0.26387351717639007,DIBaS,Reference,1
Ecoli,Ecoli005,162,Ecoli,0.14500972067443668,0.6765284860283994,0.17846179329716383,DIBaS,Reference,1
Ecoli,Ecoli005,163,Bfragilis,0.5059693524805188,0.33685705478644346,0.15717359273303783,DIBaS,Reference,1
Ecoli,Ecoli005,164,Paeruginosa,0.3410523813110899,0.27632812891037034,0.3826194897785399,DIBaS,Reference,1
Ecoli,Ecoli005,166,Bfragilis,0.5254648556576512,0.2438492823207461,0.2306858620216027,DIBaS,Reference,1
Ecoli,Ecoli005,167,Paeruginosa,0.13198499533212074,0.3456905165501263,0.522324488117753,DIBaS,Reference,1
Ecoli,Ecoli005,168,Ecoli,0.1939162626109685,0.7044983481478811,0.10158538924115042,DIBaS,Reference,1
Ecoli,Ecoli005,169,Paeruginosa,0.15049751983152523,0.3782055063332559,0.4712969738352189,DIBaS,Reference,1
Ecoli,Ecoli006,9,Ecoli,0.1255944401564509,0.8028841694353689,0.07152139040818035,DIBaS,Reference,1
Ecoli,Ecoli006,10,Ecoli,0.28817607144024865,0.5619461537706429,0.14987777478910846,DIBaS,Reference,1
Ecoli,Ecoli006,14,Bfragilis,0.4408779046278568,0.3100675335315813,0.24905456184056185,DIBaS,Reference,1
Ecoli,Ecoli006,15,Ecoli,0.32402538817741605,0.546057560338949,0.1299170514836348,DIBaS,Reference,1
Ecoli,Ecoli006,17,Ecoli,0.2067461724482445,0.6855259981812334,0.10772782937052199,DIBaS,Reference,1
Ecoli,Ecoli006,27,Ecoli,0.14392024488471902,0.5174106811495415,0.33866907396573964,DIBaS,Reference,1
Ecoli,Ecoli006,28,Ecoli,0.2345838953790115,0.5949567078941311,0.17045939672685745,DIBaS,Reference,1
Ecoli,Ecoli006,30,Ecoli,0.09678923518730437,0.7944133305528908,0.10879743425980488,DIBaS,Reference,1
Ecoli,Ecoli006,33,Ecoli,0.12594046156602817,0.5607794063076009,0.3132801321263709,DIBaS,Reference,1
Ecoli,Ecoli006,34,Ecoli,0.18741181995648148,0.7112141147865598,0.10137406525695856,DIBaS,Reference,1
Ecoli,Ecoli006,36,Bfragilis,0.375832304903172,0.3674437659388117,0.2567239291580161,DIBaS,Reference,1
Ecoli,Ecoli006,37,Bfragilis,0.39722701579993147,0.2627752172924854,0.339997766907583,DIBaS,Reference,1
Ecoli,Ecoli006,38,Ecoli,0.12934112130922262,0.506639141341187,0.3640197373495903,DIBaS,Reference,1
Ecoli,Ecoli006,40,Paeruginosa,0.2661780289663367,0.33511905489694066,0.3987029161367226,DIBaS,Reference,1
Ecoli,Ecoli006,47,Ecoli,0.1455591880997621,0.43939282448742384,0.4150479874128142,DIBaS,Reference,1
Ecoli,Ecoli006,48,Ecoli,0.12720388808657973,0.7964680005968219,0.0763281113165982,DIBaS,Reference,1
Ecoli,Ecoli006,49,Ecoli,0.17492302507427496,0.6772122004680172,0.14786477445770782,DIBaS,Reference,1
Ecoli,Ecoli006,52,Ecoli,0.16587473684585796,0.7345048982515211,0.099620364902621,DIBaS,Reference,1
Ecoli,Ecoli006,57,Ecoli,0.13104307404500223,0.48002326842906945,0.3889336575259283,DIBaS,Reference,1
Ecoli,Ecoli006,58,Ecoli,0.18788607416816433,0.6652686085523255,0.14684531727951022,DIBaS,Reference,1
Ecoli,Ecoli006,60,Paeruginosa,0.18106812543296327,0.4000374811909851,0.4188943933760515,DIBaS,Reference,1
Ecoli,Ecoli006,61,Paeruginosa,0.16669010094975825,0.40682475124173695,0.4264851478085048,DIBaS,Reference,1
Ecoli,Ecoli006,62,Paeruginosa,0.14508388249478463,0.41724596534393305,0.43767015216128236,DIBaS,Reference,1
Ecoli,Ecoli006,63,Ecoli,0.19219215289172847,0.6738015985816662,0.13400624852660545,DIBaS,Reference,1
Ecoli,Ecoli006,64,Ecoli,0.25610868495885086,0.5981938482027593,0.14569746683838988,DIBaS,Reference,1
Ecoli,Ecoli006,67,Ecoli,0.1299686770394723,0.7901528851436445,0.07987843781688325,DIBaS,Reference,1
Ecoli,Ecoli006,70,Ecoli,0.20587308166150908,0.6720699136313782,0.12205700470711252,DIBaS,Reference,1
Ecoli,Ecoli006,72,Ecoli,0.11390034175875667,0.7965008955018198,0.0895987627394235,DIBaS,Reference,1
Ecoli,Ecoli006,73,Ecoli,0.23404480948292394,0.666472847291176,0.09948234322590004,DIBaS,Reference,1
Ecoli,Ecoli006,77,Paeruginosa,0.13387178519064635,0.31616135942659884,0.5499668553827547,DIBaS,Reference,1
Ecoli,Ecoli006,78,Ecoli,0.21408328804568105,0.6280999077307138,0.1578168042236052,DIBaS,Reference,1
Ecoli,Ecoli006,81,Ecoli,0.12400879055864969,0.7803751867069182,0.09561602273443197,DIBaS,Reference,1
Ecoli,Ecoli006,82,Ecoli,0.16083515930058478,0.7541488054188294,0.08501603528058574,DIBaS,Reference,1
Ecoli,Ecoli006,84,Ecoli,0.2513337141561419,0.6470693417255994,0.1015969441182587,DIBaS,Reference,1
Ecoli,Ecoli006,85,Ecoli,0.15911773834025034,0.725699892067868,0.11518236959188165,DIBaS,Reference,1
Ecoli,Ecoli006,88,Ecoli,0.12515369749534724,0.7994900859756511,0.0753562165290017,DIBaS,Reference,1
Ecoli,Ecoli006,89,Paeruginosa,0.20980602935394663,0.32673965477911693,0.46345431586693636,DIBaS,Reference,1
Ecoli,Ecoli006,91,Ecoli,0.14679705521931125,0.7596765092064073,0.09352643557428142,DIBaS,Reference,1
Ecoli,Ecoli006,92,Paeruginosa,0.284266241430049,0.17283882696265773,0.5428949316072932,DIBaS,Reference,1
Ecoli,Ecoli006,94,Ecoli,0.14340132071122114,0.7767875584491657,0.0798111208396132,DIBaS,Reference,1
Ecoli,Ecoli006,95,Ecoli,0.15933320357767897,0.733395323566665,0.10727147285565589,DIBaS,Reference,1
Ecoli,Ecoli006,96,Bfragilis,0.4536254263649276,0.38678248945893384,0.15959208417613863,DIBaS,Reference,1
Ecoli,Ecoli006,97,Ecoli,0.19834931300093678,0.545834746188078,0.25581594081098535,DIBaS,Reference,1
Ecoli,Ecoli006,98,Ecoli,0.13960487434568994,0.6994427186040348,0.1609524070502752,DIBaS,Reference,1
Ecoli,Ecoli006,99,Ecoli,0.11034492746063992,0.8161863063153708,0.07346876622398939,DIBaS,Reference,1
Ecoli,Ecoli006,101,Ecoli,0.15684555474606507,0.6796974641366299,0.16345698111730497,DIBaS,Reference,1
Ecoli,Ecoli006,102,Ecoli,0.1602417445507001,0.7326104095755795,0.10714784587372055,DIBaS,Reference,1
Ecoli,Ecoli006,103,Paeruginosa,0.20016686557122093,0.12757872947088242,0.6722544049578966,DIBaS,Reference,1
Ecoli,Ecoli006,105,Ecoli,0.24840826784753708,0.5401582836240013,0.21143344852846144,DIBaS,Reference,1
Ecoli,Ecoli006,106,Ecoli,0.295662942076925,0.5535540871123819,0.15078297081069306,DIBaS,Reference,1
Ecoli,Ecoli006,107,Ecoli,0.2830443892909027,0.5372484253519042,0.1797071853571929,DIBaS,Reference,1
Ecoli,Ecoli007,6,Ecoli,0.12434525234439917,0.5902981412200943,0.28535660643550653,DIBaS,Reference,1
Ecoli,Ecoli007,7,Ecoli,0.1757146616954426,0.5807035062248219,0.24358183207973558,DIBaS,Reference,1
Ecoli,Ecoli007,14,Ecoli,0.16726814143172405,0.4844853028886469,0.348246555679629,DIBaS,Reference,1
Ecoli,Ecoli007,15,Bfragilis,0.4123725235137907,0.4030120377010269,0.18461543878518236,DIBaS,Reference,1
Ecoli,Ecoli007,18,Ecoli,0.15667589426546233,0.6927009995853438,0.150623106149194,DIBaS,Reference,1
Ecoli,Ecoli007,24,Ecoli,0.19278248802640513,0.5998036587027802,0.2074138532708147,DIBaS,Reference,1
Ecoli,Ecoli007,26,Ecoli,0.16011977727363408,0.7620522379778063,0.07782798474855952,DIBaS,Reference,1
Ecoli,Ecoli007,30,Ecoli,0.08596138837371979,0.8339024012765135,0.08013621034976676,DIBaS,Reference,1
Ecoli,Ecoli007,32,Ecoli,0.15789581694951033,0.7400405895865534,0.10206359346393638,DIBaS,Reference,1
Ecoli,Ecoli007,33,Ecoli,0.13192396137078385,0.7264378192022248,0.14163821942699137,DIBaS,Reference,1
Ecoli,Ecoli007,36,Ecoli,0.13526228067793492,0.7302006862961424,0.13453703302592268,DIBaS,Reference,1
Ecoli,Ecoli007,41,Ecoli,0.0856895971103345,0.7937666996214634,0.12054370326820207,DIBaS,Reference,1
Ecoli,Ecoli008,3,Ecoli,0.21691202169535242,0.45363119275109387,0.32945678555355373,DIBaS,Reference,1
Ecoli,Ecoli008,5,Paeruginosa,0.1436497531106669,0.19875912056613615,0.6575911263231969,DIBaS,Reference,1
Ecoli,Ecoli008,6,Ecoli,0.2032159503940804,0.5482996100309993,0.24848443957492022,DIBaS,Reference,1
Ecoli,Ecoli008,7,Ecoli,0.15557924941840948,0.7466195047500991,0.09780124583149144,DIBaS,Reference,1
Ecoli,Ecoli008,8,Ecoli,0.39576985915084867,0.47329418061300593,0.13093596023614532,DIBaS,Reference,1
Ecoli,Ecoli008,9,Ecoli,0.19564586727804537,0.5321136683613394,0.2722404643606152,DIBaS,Reference,1
Ecoli,Ecoli008,14,Ecoli,0.16437692230675724,0.5635026859458745,0.27212039174736824,DIBaS,Reference,1
Ecoli,Ecoli008,18,Ecoli,0.16714276148308077,0.7354913504175501,0.09736588809936919,DIBaS,Reference,1
Ecoli,Ecoli008,21,Ecoli,0.20174090787477914,0.69752882913493,0.10073026299029085,DIBaS,Reference,1
Ecoli,Ecoli008,24,Ecoli,0.12191360689381338,0.5102081381959692,0.3678782549102173,DIBaS,Reference,1
Ecoli,Ecoli008,25,Ecoli,0.12367194849864868,0.507741436371229,0.36858661513012214,DIBaS,Reference,1
Ecoli,Ecoli008,27,Ecoli,0.188753577466581,0.4347266159827546,0.37651980655066436,DIBaS,Reference,1
Ecoli,Ecoli008,28,Ecoli,0.3167192224359673,0.48523171842734697,0.19804905913668583,DIBaS,Reference,1
Ecoli,Ecoli008,29,Bfragilis,0.3662739409883664,0.34365151610109634,0.29007454291053725,DIBaS,Reference,1
Ecoli,Ecoli008,30,Ecoli,0.17616688039761869,0.5782027847750804,0.24563033482730093,DIBaS,Reference,1
Ecoli,Ecoli008,33,Ecoli,0.22669123422199042,0.5328824629657848,0.24042630281222488,DIBaS,Reference,1
Ecoli,Ecoli008,34,Ecoli,0.31177862304497006,0.4306895396098375,0.2575318373451924,DIBaS,Reference,1
Ecoli,Ecoli008,38,Ecoli,0.15259688312945388,0.6868615208063694,0.16054159606417676,DIBaS,Reference,1
Ecoli,Ecoli008,39,Ecoli,0.22210976022015796,0.5220560359338564,0.2558342038459857,DIBaS,Reference,1
Ecoli,Ecoli008,40,Ecoli,0.1883846380253584,0.6170851032086,0.19453025876604144,DIBaS,Reference,1
Ecoli,Ecoli008,42,Ecoli,0.14016550686109575,0.6525242643511935,0.20731022878771088,DIBaS,Reference,1
Ecoli,Ecoli008,44,Paeruginosa,0.14114630589466914,0.36536188337623227,0.4934918107290986,DIBaS,Reference,1
Ecoli,Ecoli008,45,Ecoli,0.16668723774592342,0.5145908872520747,0.3187218750020018,DIBaS,Reference,1
Ecoli,Ecoli008,47,Ecoli,0.1507720867409212,0.6251022704473429,0.22412564281173583,DIBaS,Reference,1
Ecoli,Ecoli008,50,Bfragilis,0.5830943795891772,0.2202371519510783,0.19666846845974456,DIBaS,Reference,1
Ecoli,Ecoli008,51,Ecoli,0.1660483213159115,0.5155123191048304,0.3184393595792582,DIBaS,Reference,1
Ecoli,Ecoli008,52,Paeruginosa,0.3259988317486379,0.32219489326715006,0.35180627498421196,DIBaS,Reference,1
Ecoli,Ecoli008,54,Ecoli,0.18249918499755138,0.6531864253686388,0.1643143896338098,DIBaS,Reference,1
Ecoli,Ecoli008,57,Ecoli,0.1037128762602491,0.7922551448971071,0.10403197884264376,DIBaS,Reference,1
Ecoli,Ecoli009,10,Ecoli,0.1195671036755268,0.7837676555726995,0.09666524075177373,DIBaS,Reference,1
Ecoli,Ecoli009,12,Ecoli,0.13846725699603268,0.665964246471427,0.19556849653254035,DIBaS,Reference,1
Ecoli,Ecoli009,13,Ecoli,0.22988754881590548,0.6361202467918013,0.13399220439229315,DIBaS,Reference,1
Ecoli,Ecoli009,14,Ecoli,0.2534811987673721,0.6317300470124028,0.11478875422022532,DIBaS,Reference,1
Ecoli,Ecoli009,15,Ecoli,0.1487690829368777,0.7682612420121296,0.08296967505099268,DIBaS,Reference,1
Ecoli,Ecoli009,17,Bfragilis,0.38495255203025314,0.2853962861653526,0.32965116180439424,DIBaS,Reference,1
Ecoli,Ecoli009,19,Bfragilis,0.43232003210194386,0.4078938986700694,0.15978606922798677,DIBaS,Reference,1
Ecoli,Ecoli009,22,Ecoli,0.2033021326204235,0.6128298628103567,0.1838680045692199,DIBaS,Reference,1
Ecoli,Ecoli009,27,Bfragilis,0.5756128837717467,0.20207937798544248,0.22230773824281097,DIBaS,Reference,1
Ecoli,Ecoli009,30,Ecoli,0.22555628454774695,0.6749987155549303,0.09944499989732261,DIBaS,Reference,1
Ecoli,Ecoli009,32,Ecoli,0.23115827438777964,0.6277197791109188,0.14112194650130153,DIBaS,Reference,1
Ecoli,Ecoli009,35,Ecoli,0.15172407919529318,0.6518864404436973,0.19638948036100945,DIBaS,Reference,1
Ecoli,Ecoli009,38,Ecoli,0.17353005962665496,0.501886088561496,0.324583851811849,DIBaS,Reference,1
Ecoli,Ecoli009,39,Paeruginosa,0.2459407357119849,0.13965174928912102,0.6144075149988942,DIBaS,Reference,1
Ecoli,Ecoli009,41,Bfragilis,0.3918109303477337,0.3856790234294919,0.22251004622277437,DIBaS,Reference,1
Ecoli,Ecoli009,42,Ecoli,0.16989638244459934,0.7267887574688379,0.10331486008656282,DIBaS,Reference,1
Ecoli,Ecoli009,44,Ecoli,0.23884664819730658,0.6129484925048894,0.14820485929780405,DIBaS,Reference,1
Ecoli,Ecoli009,50,Ecoli,0.1846119562382003,0.7141722723775731,0.10121577138422677,DIBaS,Reference,1
Ecoli,Ecoli009,52,Ecoli,0.2668940485774017,0.39439298667225026,0.338712964750348,DIBaS,Reference,1
Ecoli,Ecoli009,53,Ecoli,0.24000857945424428,0.6008756849325527,0.1591157356132031,DIBaS,Reference,1
